UCL QuARC  
HEADERLINES: 13
Facility: TIFPA
Room: Gantry 1
Date: 2025-10-07
Time: 15:53:40
Energy: 148
Intensity: - 
Folder: TIFPA/20250930
Original data file: TIFPA/20250930/Raw/20250930_Run028_a_raw.txt
Data type: Fitted
Fit rate: 1Hz
 
MEASUREMENT 1
1.55269, 4.65806, 7.76344, 10.8688, 13.9742, 17.0796, 20.1849, 23.2903, 26.3957, 29.5011, 32.6116, 35.7273, 38.8327, 41.9485, 45.0642, 48.1799, 51.2957, 54.4114, 57.5323, 60.6481, 63.7638, 66.8796, 69.9849, 73.0913, 76.1925, 79.303, 82.4239, 85.5397, 88.6606, 91.7763, 94.8921, 98.0078, 101.095, 104.143, 107.191, 110.239, 113.286, 116.334, 119.382, 122.43, 125.478, 128.526, 131.574, 134.622, 137.67, 140.718, 143.766, 146.814, 149.861, 152.909, 155.957, 159.005, 162.053, 165.101, 168.144, 171.192, 174.24, 177.288, 180.336, 183.384, 186.431, 189.479, 192.527, 195.575
4.4789, 4.54382, 4.52021, 4.73512, 4.4932, 4.65959, 4.67306, 4.91598, 4.87017, 4.92607, 5.03019, 5.1525, 5.40366, 5.14442, 5.61022, 5.35805, 5.71712, 5.49592, 5.83944, 5.64979, 5.89895, 5.7468, 6.07587, 5.57177, 6.23964, 6.29937, 6.38318, 6.2771, 6.60034, 6.71553, 6.87802, 7.01753, 6.54099, 7.14441, 6.96082, 7.13152, 7.24384, 7.49946, 7.70848, 7.9369, 8.30029, 8.4312, 9.17244, 9.7429, 10.2925, 11.572, 13.851, 15.8967, 11.5854, 2.99167, 0.180937, 0.0342231, 0.0206094, 0.016647, 0.0139272, 0.0145374, 0.011119, 0.0113275, 0.0109866, 0.0139526, 0.0112307, 0.013228, 0.0150654, 0.0144025
0.134367, 0.136315, 0.135606, 0.142054, 0.134796, 0.139788, 0.140192, 0.147479, 0.146105, 0.147782, 0.150906, 0.154575, 0.16211, 0.154333, 0.168307, 0.160741, 0.171514, 0.164878, 0.175183, 0.169494, 0.176968, 0.172404, 0.182276, 0.167153, 0.187189, 0.188981, 0.191495, 0.188313, 0.19801, 0.201466, 0.20634, 0.210526, 0.19623, 0.214332, 0.208825, 0.213946, 0.217315, 0.224984, 0.231254, 0.238107, 0.249009, 0.252936, 0.275173, 0.292287, 0.308776, 0.347159, 0.415529, 0.476901, 0.347561, 0.0897502, 0.00542812, 0.00102669, 0.000618283, 0.00049941, 0.000417815, 0.000436122, 0.00033357, 0.000339826, 0.000329597, 0.000418577, 0.00033692, 0.00039684, 0.000451961, 0.000432076
0, 0.615951, 1.2319, 1.84785, 2.4638, 3.07975, 3.6957, 4.31165, 4.9276, 5.54356, 6.15951, 6.77546, 7.39141, 8.00736, 8.62331, 9.23926, 9.85521, 10.4712, 11.0871, 11.7031, 12.319, 12.935, 13.5509, 14.1669, 14.7828, 15.3988, 16.0147, 16.6307, 17.2466, 17.8626, 18.4785, 19.0945, 19.7104, 20.3264, 20.9423, 21.5583, 22.1742, 22.7902, 23.4061, 24.0221, 24.638, 25.254, 25.8699, 26.4859, 27.1018, 27.7178, 28.3337, 28.9497, 29.5656, 30.1816, 30.7975, 31.4135, 32.0294, 32.6454, 33.2613, 33.8773, 34.4932, 35.1092, 35.7251, 36.3411, 36.957, 37.573, 38.1889, 38.8049, 39.4208, 40.0368, 40.6527, 41.2687, 41.8846, 42.5006, 43.1165, 43.7325, 44.3484, 44.9644, 45.5803, 46.1963, 46.8122, 47.4282, 48.0441, 48.6601, 49.276, 49.892, 50.5079, 51.1239, 51.7399, 52.3558, 52.9718, 53.5877, 54.2037, 54.8196, 55.4356, 56.0515, 56.6675, 57.2834, 57.8994, 58.5153, 59.1313, 59.7472, 60.3632, 60.9791, 61.5951, 62.211, 62.827, 63.4429, 64.0589, 64.6748, 65.2908, 65.9067, 66.5227, 67.1386, 67.7546, 68.3705, 68.9865, 69.6024, 70.2184, 70.8343, 71.4503, 72.0662, 72.6822, 73.2981, 73.9141, 74.53, 75.146, 75.7619, 76.3779, 76.9938, 77.6098, 78.2257, 78.8417, 79.4576, 80.0736, 80.6895, 81.3055, 81.9214, 82.5374, 83.1533, 83.7693, 84.3852, 85.0012, 85.6171, 86.2331, 86.849, 87.465, 88.0809, 88.6969, 89.3128, 89.9288, 90.5447, 91.1607, 91.7766, 92.3926, 93.0085, 93.6245, 94.2404, 94.8564, 95.4723, 96.0883, 96.7042, 97.3202, 97.9361, 98.5521, 99.168, 99.784, 100.4, 101.016, 101.632, 102.248, 102.864, 103.48, 104.096, 104.712, 105.328, 105.944, 106.559, 107.175, 107.791, 108.407, 109.023, 109.639, 110.255, 110.871, 111.487, 112.103, 112.719, 113.335, 113.951, 114.567, 115.183, 115.799, 116.415, 117.031, 117.647, 118.263, 118.878, 119.494, 120.11, 120.726, 121.342, 121.958, 122.574, 123.19, 123.806, 124.422, 125.038, 125.654, 126.27, 126.886, 127.502, 128.118, 128.734, 129.35, 129.966, 130.582, 131.197, 131.813, 132.429, 133.045, 133.661, 134.277, 134.893, 135.509, 136.125, 136.741, 137.357, 137.973, 138.589, 139.205, 139.821, 140.437, 141.053, 141.669, 142.285, 142.901, 143.516, 144.132, 144.748, 145.364, 145.98, 146.596, 147.212, 147.828, 148.444, 149.06, 149.676, 150.292, 150.908, 151.524, 152.14, 152.756, 153.372, 153.988, 154.604, 155.22, 155.836, 156.451, 157.067, 157.683, 158.299, 158.915, 159.531, 160.147, 160.763, 161.379, 161.995, 162.611, 163.227, 163.843, 164.459, 165.075, 165.691, 166.307, 166.923, 167.539, 168.155, 168.77, 169.386, 170.002, 170.618, 171.234, 171.85, 172.466, 173.082, 173.698, 174.314, 174.93, 175.546, 176.162, 176.778, 177.394, 178.01, 178.626, 179.242, 179.858, 180.474, 181.089, 181.705, 182.321, 182.937, 183.553, 184.169, 184.785, 185.401, 186.017, 186.633, 187.249, 187.865, 188.481, 189.097, 189.713, 190.329, 190.945, 191.561, 192.177, 192.793, 193.408, 194.024, 194.64, 195.256, 195.872, 196.488
4.48719, 4.49015, 4.49314, 4.49616, 4.49921, 4.50229, 4.5054, 4.50854, 4.51171, 4.51492, 4.51815, 4.52142, 4.52473, 4.52806, 4.53143, 4.53483, 4.53827, 4.54175, 4.54525, 4.5488, 4.55238, 4.55599, 4.55965, 4.56334, 4.56707, 4.57083, 4.57464, 4.57849, 4.58237, 4.5863, 4.59026, 4.59427, 4.59832, 4.60241, 4.60654, 4.61072, 4.61494, 4.6192, 4.62351, 4.62787, 4.63227, 4.63672, 4.64121, 4.64575, 4.65035, 4.65499, 4.65968, 4.66442, 4.66921, 4.67405, 4.67895, 4.6839, 4.6889, 4.69396, 4.69907, 4.70424, 4.70946, 4.71475, 4.72009, 4.72549, 4.73095, 4.73647, 4.74205, 4.7477, 4.75341, 4.75919, 4.76503, 4.77093, 4.77691, 4.78295, 4.78906, 4.79524, 4.80149, 4.80782, 4.81422, 4.82069, 4.82724, 4.83387, 4.84058, 4.84736, 4.85423, 4.86118, 4.86821, 4.87532, 4.88252, 4.88981, 4.89719, 4.90466, 4.91222, 4.91987, 4.92762, 4.93547, 4.94341, 4.95145, 4.9596, 4.96785, 4.9762, 4.98466, 4.99323, 5.00191, 5.0107, 5.0196, 5.02863, 5.03777, 5.04703, 5.05642, 5.06593, 5.07557, 5.08534, 5.09524, 5.10528, 5.11545, 5.12577, 5.13623, 5.14684, 5.15759, 5.1685, 5.17956, 5.19078, 5.20216, 5.21371, 5.22543, 5.23731, 5.24938, 5.26162, 5.27405, 5.28666, 5.29946, 5.31246, 5.32566, 5.33906, 5.35267, 5.3665, 5.38054, 5.39481, 5.40931, 5.42404, 5.43901, 5.45423, 5.4697, 5.48542, 5.50141, 5.51768, 5.53422, 5.55104, 5.56816, 5.58557, 5.6033, 5.62134, 5.63971, 5.65841, 5.67745, 5.69684, 5.7166, 5.73673, 5.75724, 5.77815, 5.79946, 5.82119, 5.84335, 5.86596, 5.88902, 5.91255, 5.93658, 5.9611, 5.98615, 6.01173, 6.03786, 6.06457, 6.09187, 6.11978, 6.14833, 6.17753, 6.20742, 6.23801, 6.26934, 6.30143, 6.33431, 6.36801, 6.40256, 6.438, 6.47437, 6.5117, 6.55004, 6.58943, 6.62991, 6.67154, 6.71436, 6.75844, 6.80383, 6.85059, 6.8988, 6.94853, 6.99986, 7.05286, 7.10764, 7.16428, 7.2229, 7.28361, 7.34654, 7.41181, 7.47957, 7.54999, 7.62324, 7.69951, 7.77901, 7.86198, 7.94867, 8.03937, 8.1344, 8.23411, 8.3389, 8.44916, 8.56554, 8.68853, 8.81883, 8.95719, 9.10452, 9.26187, 9.4305, 9.61192, 9.80796, 10.0209, 10.2536, 10.5098, 10.7942, 11.1128, 11.4733, 11.8846, 12.3568, 12.8987, 13.5155, 14.2038, 14.9461, 15.7046, 16.4182, 17.0027, 17.3586, 17.3852, 17.0007, 16.1617, 14.8768, 13.213, 11.3136, 9.30524, 7.33783, 5.53919, 3.99768, 2.75547, 1.81231, 1.13659, 0.679279, 0.386675, 0.209562, 0.10809, 0.0530437, 0.0247585, 0.0109882, 0.00463503, 0.00185667, 0.000704612, 0.000251341, 8.1611e-05, 1.95256e-05, 4.49004e-06, 1.34947e-06, 3.85751e-07, 1.04652e-07, 2.69457e-08, 6.58458e-09, 1.52709e-09, 3.36125e-10, 7.02159e-11, 1.39209e-11, 2.61939e-12, 4.67767e-13, 7.9279e-14, 1.27522e-14, 1.94675e-15, 2.82055e-16, 3.87843e-17, 5.06147e-18, 6.26896e-19, 7.36907e-20, 8.22107e-21, 8.70447e-22, 8.74691e-23, 8.3419e-24, 7.55047e-25, 6.48606e-26, 5.28794e-27, 4.09157e-28, 3.00464e-29, 2.09408e-30, 1.38513e-31, 8.69536e-33, 5.18063e-34, 2.92938e-35, 1.57205e-36, 8.00674e-38, 3.87028e-39, 1.77553e-40, 7.73058e-42, 3.19443e-43, 1.25277e-44, 4.66284e-46, 1.64712e-47, 5.52205e-49, 1.757e-50, 5.30569e-52, 1.52058e-53, 4.13595e-55, 1.06767e-56, 2.61577e-58, 6.08218e-60, 1.3422e-61, 2.81107e-63, 5.58759e-65, 1.05408e-66, 1.88723e-68
4.48719, 4.49015, 4.49314, 4.49616, 4.49921, 4.50229, 4.5054, 4.50854, 4.51171, 4.51492, 4.51815, 4.52142, 4.52472, 4.52806, 4.53143, 4.53483, 4.53827, 4.54174, 4.54525, 4.54879, 4.55237, 4.55599, 4.55964, 4.56334, 4.56706, 4.57083, 4.57464, 4.57848, 4.58237, 4.58629, 4.59026, 4.59426, 4.59831, 4.6024, 4.60654, 4.61071, 4.61493, 4.6192, 4.62351, 4.62786, 4.63226, 4.63671, 4.6412, 4.64575, 4.65034, 4.65498, 4.65967, 4.66441, 4.6692, 4.67404, 4.67894, 4.68389, 4.68889, 4.69395, 4.69906, 4.70423, 4.70945, 4.71474, 4.72008, 4.72548, 4.73094, 4.73646, 4.74204, 4.74769, 4.7534, 4.75917, 4.76501, 4.77092, 4.77689, 4.78293, 4.78905, 4.79523, 4.80148, 4.80781, 4.8142, 4.82068, 4.82723, 4.83386, 4.84056, 4.84735, 4.85421, 4.86116, 4.86819, 4.8753, 4.88251, 4.8898, 4.89717, 4.90464, 4.9122, 4.91985, 4.9276, 4.93545, 4.94339, 4.95143, 4.95958, 4.96782, 4.97618, 4.98463, 4.9932, 5.00188, 5.01067, 5.01958, 5.0286, 5.03774, 5.047, 5.05639, 5.0659, 5.07554, 5.08531, 5.09521, 5.10525, 5.11542, 5.12574, 5.1362, 5.1468, 5.15756, 5.16846, 5.17953, 5.19075, 5.20213, 5.21367, 5.22539, 5.23728, 5.24934, 5.26158, 5.27401, 5.28662, 5.29942, 5.31242, 5.32562, 5.33902, 5.35263, 5.36645, 5.3805, 5.39476, 5.40926, 5.42399, 5.43896, 5.45418, 5.46964, 5.48537, 5.50136, 5.51762, 5.53416, 5.55098, 5.5681, 5.58551, 5.60324, 5.62128, 5.63964, 5.65834, 5.67738, 5.69677, 5.71653, 5.73665, 5.75716, 5.77807, 5.79938, 5.82111, 5.84327, 5.86587, 5.88893, 5.91247, 5.93649, 5.96101, 5.98605, 6.01163, 6.03776, 6.06447, 6.09176, 6.11967, 6.14822, 6.17742, 6.20731, 6.2379, 6.26922, 6.30131, 6.33418, 6.36788, 6.40243, 6.43787, 6.47423, 6.51156, 6.54989, 6.58927, 6.62975, 6.67137, 6.71419, 6.75826, 6.80365, 6.85041, 6.89861, 6.94833, 6.99965, 7.05265, 7.10742, 7.16406, 7.22267, 7.28337, 7.34628, 7.41154, 7.4793, 7.5497, 7.62294, 7.6992, 7.77869, 7.86164, 7.94832, 8.039, 8.13401, 8.2337, 8.33847, 8.44877, 8.56512, 8.68809, 8.81835, 8.95668, 9.10397, 9.26128, 9.42986, 9.61123, 9.80721, 10.0201, 10.2527, 10.5088, 10.7931, 11.1116, 11.4719, 11.8831, 12.355, 12.8966, 13.5131, 14.201, 14.9427, 15.7008, 16.4138, 16.998, 17.3537, 17.381, 16.9982, 16.1628, 14.8857, 13.2357, 11.3308, 9.31795, 7.34685, 5.54535, 4.00173, 2.75802, 1.81385, 1.13748, 0.679775, 0.386938, 0.209695, 0.108155, 0.0530736, 0.0247717, 0.0109937, 0.00463724, 0.00185751, 0.000704902, 0.000251561, 8.16341e-05, 1.95217e-05, 4.48074e-06, 1.34957e-06, 3.85778e-07, 1.0466e-07, 2.69475e-08, 6.58503e-09, 1.5272e-09, 3.36148e-10, 7.02207e-11, 1.39219e-11, 2.61956e-12, 4.67799e-13, 7.92843e-14, 1.2753e-14, 1.94688e-15, 2.82074e-16, 3.87869e-17, 5.0618e-18, 6.26937e-19, 7.36955e-20, 8.22161e-21, 8.70504e-22, 8.74748e-23, 8.34245e-24, 7.55096e-25, 6.48648e-26, 5.28828e-27, 4.09184e-28, 3.00483e-29, 2.09421e-30, 1.38522e-31, 8.69591e-33, 5.18095e-34, 2.92956e-35, 1.57215e-36, 8.00724e-38, 3.87053e-39, 1.77564e-40, 7.73106e-42, 3.19463e-43, 1.25285e-44, 4.66313e-46, 1.64723e-47, 5.52239e-49, 1.75711e-50, 5.30601e-52, 1.52067e-53, 4.1362e-55, 1.06774e-56, 2.61593e-58, 6.08254e-60, 1.34228e-61, 2.81124e-63, 5.58792e-65, 1.05415e-66, 1.88734e-68
148.83
145.43
 
MEASUREMENT 2
1.55269, 4.65806, 7.76344, 10.8688, 13.9742, 17.0796, 20.1849, 23.2903, 26.3957, 29.5011, 32.6116, 35.7273, 38.8327, 41.9485, 45.0642, 48.1799, 51.2957, 54.4114, 57.5323, 60.6481, 63.7638, 66.8796, 69.9849, 73.0913, 76.1925, 79.303, 82.4239, 85.5397, 88.6606, 91.7763, 94.8921, 98.0078, 101.095, 104.143, 107.191, 110.239, 113.286, 116.334, 119.382, 122.43, 125.478, 128.526, 131.574, 134.622, 137.67, 140.718, 143.766, 146.814, 149.861, 152.909, 155.957, 159.005, 162.053, 165.101, 168.144, 171.192, 174.24, 177.288, 180.336, 183.384, 186.431, 189.479, 192.527, 195.575
4.48131, 4.54679, 4.52319, 4.73773, 4.4958, 4.6631, 4.67569, 4.91889, 4.87299, 4.92837, 5.03674, 5.15853, 5.40942, 5.15033, 5.61698, 5.36491, 5.72342, 5.50267, 5.84698, 5.65756, 5.904, 5.75219, 6.0827, 5.57142, 6.24672, 6.30671, 6.39073, 6.28594, 6.60869, 6.72285, 6.8869, 7.02338, 6.54751, 7.15237, 6.96809, 7.14147, 7.25286, 7.50848, 7.71675, 7.9456, 8.31127, 8.44219, 9.18407, 9.75493, 10.3065, 11.5876, 13.8669, 15.9159, 11.6005, 2.9967, 0.181409, 0.0342101, 0.0208068, 0.0167348, 0.0141551, 0.0144812, 0.0111769, 0.0114781, 0.0110521, 0.0140454, 0.0112988, 0.0133145, 0.0151384, 0.0143115
0.134439, 0.136404, 0.135696, 0.142132, 0.134874, 0.139893, 0.140271, 0.147567, 0.14619, 0.147851, 0.151102, 0.154756, 0.162283, 0.15451, 0.168509, 0.160947, 0.171703, 0.16508, 0.175409, 0.169727, 0.17712, 0.172566, 0.182481, 0.167143, 0.187402, 0.189201, 0.191722, 0.188578, 0.198261, 0.201686, 0.206607, 0.210702, 0.196425, 0.214571, 0.209043, 0.214244, 0.217586, 0.225255, 0.231502, 0.238368, 0.249338, 0.253266, 0.275522, 0.292648, 0.309194, 0.347627, 0.416006, 0.477478, 0.348014, 0.089901, 0.00544227, 0.0010263, 0.000624204, 0.000502044, 0.000424654, 0.000434437, 0.000335307, 0.000344343, 0.000331563, 0.000421362, 0.000338965, 0.000399435, 0.000454153, 0.000429345
0, 0.615951, 1.2319, 1.84785, 2.4638, 3.07975, 3.6957, 4.31165, 4.9276, 5.54356, 6.15951, 6.77546, 7.39141, 8.00736, 8.62331, 9.23926, 9.85521, 10.4712, 11.0871, 11.7031, 12.319, 12.935, 13.5509, 14.1669, 14.7828, 15.3988, 16.0147, 16.6307, 17.2466, 17.8626, 18.4785, 19.0945, 19.7104, 20.3264, 20.9423, 21.5583, 22.1742, 22.7902, 23.4061, 24.0221, 24.638, 25.254, 25.8699, 26.4859, 27.1018, 27.7178, 28.3337, 28.9497, 29.5656, 30.1816, 30.7975, 31.4135, 32.0294, 32.6454, 33.2613, 33.8773, 34.4932, 35.1092, 35.7251, 36.3411, 36.957, 37.573, 38.1889, 38.8049, 39.4208, 40.0368, 40.6527, 41.2687, 41.8846, 42.5006, 43.1165, 43.7325, 44.3484, 44.9644, 45.5803, 46.1963, 46.8122, 47.4282, 48.0441, 48.6601, 49.276, 49.892, 50.5079, 51.1239, 51.7399, 52.3558, 52.9718, 53.5877, 54.2037, 54.8196, 55.4356, 56.0515, 56.6675, 57.2834, 57.8994, 58.5153, 59.1313, 59.7472, 60.3632, 60.9791, 61.5951, 62.211, 62.827, 63.4429, 64.0589, 64.6748, 65.2908, 65.9067, 66.5227, 67.1386, 67.7546, 68.3705, 68.9865, 69.6024, 70.2184, 70.8343, 71.4503, 72.0662, 72.6822, 73.2981, 73.9141, 74.53, 75.146, 75.7619, 76.3779, 76.9938, 77.6098, 78.2257, 78.8417, 79.4576, 80.0736, 80.6895, 81.3055, 81.9214, 82.5374, 83.1533, 83.7693, 84.3852, 85.0012, 85.6171, 86.2331, 86.849, 87.465, 88.0809, 88.6969, 89.3128, 89.9288, 90.5447, 91.1607, 91.7766, 92.3926, 93.0085, 93.6245, 94.2404, 94.8564, 95.4723, 96.0883, 96.7042, 97.3202, 97.9361, 98.5521, 99.168, 99.784, 100.4, 101.016, 101.632, 102.248, 102.864, 103.48, 104.096, 104.712, 105.328, 105.944, 106.559, 107.175, 107.791, 108.407, 109.023, 109.639, 110.255, 110.871, 111.487, 112.103, 112.719, 113.335, 113.951, 114.567, 115.183, 115.799, 116.415, 117.031, 117.647, 118.263, 118.878, 119.494, 120.11, 120.726, 121.342, 121.958, 122.574, 123.19, 123.806, 124.422, 125.038, 125.654, 126.27, 126.886, 127.502, 128.118, 128.734, 129.35, 129.966, 130.582, 131.197, 131.813, 132.429, 133.045, 133.661, 134.277, 134.893, 135.509, 136.125, 136.741, 137.357, 137.973, 138.589, 139.205, 139.821, 140.437, 141.053, 141.669, 142.285, 142.901, 143.516, 144.132, 144.748, 145.364, 145.98, 146.596, 147.212, 147.828, 148.444, 149.06, 149.676, 150.292, 150.908, 151.524, 152.14, 152.756, 153.372, 153.988, 154.604, 155.22, 155.836, 156.451, 157.067, 157.683, 158.299, 158.915, 159.531, 160.147, 160.763, 161.379, 161.995, 162.611, 163.227, 163.843, 164.459, 165.075, 165.691, 166.307, 166.923, 167.539, 168.155, 168.77, 169.386, 170.002, 170.618, 171.234, 171.85, 172.466, 173.082, 173.698, 174.314, 174.93, 175.546, 176.162, 176.778, 177.394, 178.01, 178.626, 179.242, 179.858, 180.474, 181.089, 181.705, 182.321, 182.937, 183.553, 184.169, 184.785, 185.401, 186.017, 186.633, 187.249, 187.865, 188.481, 189.097, 189.713, 190.329, 190.945, 191.561, 192.177, 192.793, 193.408, 194.024, 194.64, 195.256, 195.872, 196.488
0, 0, 0, 0, 0, 0, 0, 0, 0, 0, 0, 0, 0, 0, 0, 0, 0, 0, 0, 0, 0, 0, 0, 0, 0, 0, 0, 0, 0, 0, 0, 0, 0, 0, 0, 0, 0, 0, 0, 0, 0, 0, 0, 0, 0, 0, 0, 0, 0, 0, 0, 0, 0, 0, 0, 0, 0, 0, 0, 0, 0, 0, 0, 0, 0, 0, 0, 0, 0, 0, 0, 0, 0, 0, 0, 0, 0, 0, 0, 0, 0, 0, 0, 0, 0, 0, 0, 0, 0, 0, 0, 0, 0, 0, 0, 0, 0, 0, 0, 0, 0, 0, 0, 0, 0, 0, 0, 0, 0, 0, 0, 0, 0, 0, 0, 0, 0, 0, 0, 0, 0, 0, 0, 0, 0, 0, 0, 0, 0, 0, 0, 0, 0, 0, 0, 0, 0, 0, 0, 0, 0, 0, 0, 0, 0, 0, 0, 0, 0, 0, 0, 0, 0, 0, 0, 0, 0, 0, 0, 0, 0, 0, 0, 0, 0, 0, 0, 0, 0, 0, 0, 0, 0, 0, 0, 0, 0, 0, 0, 0, 0, 0, 0, 0, 0, 0, 0, 0, 0, 0, 0, 0, 0, 0, 0, 0, 0, 0, 0, 0, 0, 0, 0, 0, 0, 0, 0, 0, 0, 0, 0, 0, 0, 0, 0, 0, 0, 0, 0, 0, 0, 0, 0, 0, 0, 0, 0, 0, 0, 0, 0, 0, 0, 0, 0, 0, 0, 0, 0, 0, 0, 0, 0, 0, 0, 0, 0, 0, 0, 0, 0, 0, 0, 0, 0, 0, 0, 0, 0, 0, 0, 0, 0, 0, 0, 0, 0, 0, 0, 0, 0, 0, 0, 0, 0, 0, 0, 0, 0, 0, 0, 0, 0, 0, 0, 0, 0, 0, 0, 0, 0, 0, 0, 0, 0, 0, 0, 0, 0, 0, 0, 0, 0, 0, 0, 0, 0, 0, 0, 0, 0, 0, 0, 0, 0, 0, 0, 0, 0, 0
0, 0, 0, 0, 0, 0, 0, 0, 0, 0, 0, 0, 0, 0, 0, 0, 0, 0, 0, 0, 0, 0, 0, 0, 0, 0, 0, 0, 0, 0, 0, 0, 0, 0, 0, 0, 0, 0, 0, 0, 0, 0, 0, 0, 0, 0, 0, 0, 0, 0, 0, 0, 0, 0, 0, 0, 0, 0, 0, 0, 0, 0, 0, 0, 0, 0, 0, 0, 0, 0, 0, 0, 0, 0, 0, 0, 0, 0, 0, 0, 0, 0, 0, 0, 0, 0, 0, 0, 0, 0, 0, 0, 0, 0, 0, 0, 0, 0, 0, 0, 0, 0, 0, 0, 0, 0, 0, 0, 0, 0, 0, 0, 0, 0, 0, 0, 0, 0, 0, 0, 0, 0, 0, 0, 0, 0, 0, 0, 0, 0, 0, 0, 0, 0, 0, 0, 0, 0, 0, 0, 0, 0, 0, 0, 0, 0, 0, 0, 0, 0, 0, 0, 0, 0, 0, 0, 0, 0, 0, 0, 0, 0, 0, 0, 0, 0, 0, 0, 0, 0, 0, 0, 0, 0, 0, 0, 0, 0, 0, 0, 0, 0, 0, 0, 0, 0, 0, 0, 0, 0, 0, 0, 0, 0, 0, 0, 0, 0, 0, 0, 0, 0, 0, 0, 0, 0, 0, 0, 0, 0, 0, 0, 0, 0, 0, 0, 0, 0, 0, 0, 0, 0, 0, 0, 0, 0, 0, 0, 0, 0, 0, 0, 0, 0, 0, 0, 0, 0, 0, 0, 0, 0, 0, 0, 0, 0, 0, 0, 0, 0, 0, 0, 0, 0, 0, 0, 0, 0, 0, 0, 0, 0, 0, 0, 0, 0, 0, 0, 0, 0, 0, 0, 0, 0, 0, 0, 0, 0, 0, 0, 0, 0, 0, 0, 0, 0, 0, 0, 0, 0, 0, 0, 0, 0, 0, 0, 0, 0, 0, 0, 0, 0, 0, 0, 0, 0, 0, 0, 0, 0, 0, 0, 0, 0, 0, 0, 0, 0, 0, 0
-
-
 
MEASUREMENT 3
1.55269, 4.65806, 7.76344, 10.8688, 13.9742, 17.0796, 20.1849, 23.2903, 26.3957, 29.5011, 32.6116, 35.7273, 38.8327, 41.9485, 45.0642, 48.1799, 51.2957, 54.4114, 57.5323, 60.6481, 63.7638, 66.8796, 69.9849, 73.0913, 76.1925, 79.303, 82.4239, 85.5397, 88.6606, 91.7763, 94.8921, 98.0078, 101.095, 104.143, 107.191, 110.239, 113.286, 116.334, 119.382, 122.43, 125.478, 128.526, 131.574, 134.622, 137.67, 140.718, 143.766, 146.814, 149.861, 152.909, 155.957, 159.005, 162.053, 165.101, 168.144, 171.192, 174.24, 177.288, 180.336, 183.384, 186.431, 189.479, 192.527, 195.575
4.48375, 4.54927, 4.52528, 4.73993, 4.4985, 4.66564, 4.67798, 4.92145, 4.8762, 4.93145, 5.0426, 5.16295, 5.41443, 5.15533, 5.62264, 5.36965, 5.72909, 5.50854, 5.85324, 5.66472, 5.9085, 5.75848, 6.08851, 5.57396, 6.2527, 6.31271, 6.39684, 6.29288, 6.61555, 6.72921, 6.8949, 7.02804, 6.55393, 7.15949, 6.97478, 7.14972, 7.26088, 7.5166, 7.7244, 7.95358, 8.32154, 8.45312, 9.19467, 9.76604, 10.3188, 11.603, 13.8834, 15.9383, 11.6153, 3.00004, 0.181809, 0.0340246, 0.0206183, 0.0167186, 0.0140483, 0.0144554, 0.0112004, 0.0112902, 0.010982, 0.0139867, 0.0114427, 0.0133247, 0.0152692, 0.0143069
0.134513, 0.136478, 0.135758, 0.142198, 0.134955, 0.139969, 0.140339, 0.147643, 0.146286, 0.147944, 0.151278, 0.154889, 0.162433, 0.15466, 0.168679, 0.161089, 0.171873, 0.165256, 0.175597, 0.169942, 0.177255, 0.172754, 0.182655, 0.167219, 0.187581, 0.189381, 0.191905, 0.188787, 0.198467, 0.201876, 0.206847, 0.210841, 0.196618, 0.214785, 0.209243, 0.214492, 0.217826, 0.225498, 0.231732, 0.238607, 0.249646, 0.253594, 0.27584, 0.292981, 0.309565, 0.348089, 0.416503, 0.478148, 0.348459, 0.0900012, 0.00545426, 0.00102074, 0.000618549, 0.000501557, 0.000421448, 0.000433663, 0.000336013, 0.000338706, 0.00032946, 0.000419602, 0.000343282, 0.000399741, 0.000458077, 0.000429208
0, 0.615951, 1.2319, 1.84785, 2.4638, 3.07975, 3.6957, 4.31165, 4.9276, 5.54356, 6.15951, 6.77546, 7.39141, 8.00736, 8.62331, 9.23926, 9.85521, 10.4712, 11.0871, 11.7031, 12.319, 12.935, 13.5509, 14.1669, 14.7828, 15.3988, 16.0147, 16.6307, 17.2466, 17.8626, 18.4785, 19.0945, 19.7104, 20.3264, 20.9423, 21.5583, 22.1742, 22.7902, 23.4061, 24.0221, 24.638, 25.254, 25.8699, 26.4859, 27.1018, 27.7178, 28.3337, 28.9497, 29.5656, 30.1816, 30.7975, 31.4135, 32.0294, 32.6454, 33.2613, 33.8773, 34.4932, 35.1092, 35.7251, 36.3411, 36.957, 37.573, 38.1889, 38.8049, 39.4208, 40.0368, 40.6527, 41.2687, 41.8846, 42.5006, 43.1165, 43.7325, 44.3484, 44.9644, 45.5803, 46.1963, 46.8122, 47.4282, 48.0441, 48.6601, 49.276, 49.892, 50.5079, 51.1239, 51.7399, 52.3558, 52.9718, 53.5877, 54.2037, 54.8196, 55.4356, 56.0515, 56.6675, 57.2834, 57.8994, 58.5153, 59.1313, 59.7472, 60.3632, 60.9791, 61.5951, 62.211, 62.827, 63.4429, 64.0589, 64.6748, 65.2908, 65.9067, 66.5227, 67.1386, 67.7546, 68.3705, 68.9865, 69.6024, 70.2184, 70.8343, 71.4503, 72.0662, 72.6822, 73.2981, 73.9141, 74.53, 75.146, 75.7619, 76.3779, 76.9938, 77.6098, 78.2257, 78.8417, 79.4576, 80.0736, 80.6895, 81.3055, 81.9214, 82.5374, 83.1533, 83.7693, 84.3852, 85.0012, 85.6171, 86.2331, 86.849, 87.465, 88.0809, 88.6969, 89.3128, 89.9288, 90.5447, 91.1607, 91.7766, 92.3926, 93.0085, 93.6245, 94.2404, 94.8564, 95.4723, 96.0883, 96.7042, 97.3202, 97.9361, 98.5521, 99.168, 99.784, 100.4, 101.016, 101.632, 102.248, 102.864, 103.48, 104.096, 104.712, 105.328, 105.944, 106.559, 107.175, 107.791, 108.407, 109.023, 109.639, 110.255, 110.871, 111.487, 112.103, 112.719, 113.335, 113.951, 114.567, 115.183, 115.799, 116.415, 117.031, 117.647, 118.263, 118.878, 119.494, 120.11, 120.726, 121.342, 121.958, 122.574, 123.19, 123.806, 124.422, 125.038, 125.654, 126.27, 126.886, 127.502, 128.118, 128.734, 129.35, 129.966, 130.582, 131.197, 131.813, 132.429, 133.045, 133.661, 134.277, 134.893, 135.509, 136.125, 136.741, 137.357, 137.973, 138.589, 139.205, 139.821, 140.437, 141.053, 141.669, 142.285, 142.901, 143.516, 144.132, 144.748, 145.364, 145.98, 146.596, 147.212, 147.828, 148.444, 149.06, 149.676, 150.292, 150.908, 151.524, 152.14, 152.756, 153.372, 153.988, 154.604, 155.22, 155.836, 156.451, 157.067, 157.683, 158.299, 158.915, 159.531, 160.147, 160.763, 161.379, 161.995, 162.611, 163.227, 163.843, 164.459, 165.075, 165.691, 166.307, 166.923, 167.539, 168.155, 168.77, 169.386, 170.002, 170.618, 171.234, 171.85, 172.466, 173.082, 173.698, 174.314, 174.93, 175.546, 176.162, 176.778, 177.394, 178.01, 178.626, 179.242, 179.858, 180.474, 181.089, 181.705, 182.321, 182.937, 183.553, 184.169, 184.785, 185.401, 186.017, 186.633, 187.249, 187.865, 188.481, 189.097, 189.713, 190.329, 190.945, 191.561, 192.177, 192.793, 193.408, 194.024, 194.64, 195.256, 195.872, 196.488
4.49843, 4.50139, 4.50439, 4.50742, 4.51047, 4.51356, 4.51668, 4.51983, 4.52301, 4.52622, 4.52947, 4.53274, 4.53605, 4.5394, 4.54278, 4.54619, 4.54963, 4.55312, 4.55663, 4.56019, 4.56377, 4.5674, 4.57106, 4.57476, 4.5785, 4.58228, 4.58609, 4.58995, 4.59384, 4.59778, 4.60175, 4.60577, 4.60983, 4.61393, 4.61807, 4.62226, 4.62649, 4.63077, 4.63509, 4.63945, 4.64387, 4.64832, 4.65283, 4.65738, 4.66199, 4.66664, 4.67134, 4.67609, 4.6809, 4.68575, 4.69066, 4.69562, 4.70064, 4.70571, 4.71083, 4.71601, 4.72125, 4.72655, 4.7319, 4.73732, 4.74279, 4.74833, 4.75393, 4.75959, 4.76531, 4.7711, 4.77695, 4.78288, 4.78886, 4.79492, 4.80105, 4.80724, 4.81351, 4.81986, 4.82627, 4.83276, 4.83933, 4.84597, 4.85269, 4.8595, 4.86638, 4.87334, 4.88039, 4.88753, 4.89475, 4.90205, 4.90945, 4.91694, 4.92452, 4.93219, 4.93996, 4.94782, 4.95579, 4.96385, 4.97201, 4.98028, 4.98865, 4.99713, 5.00572, 5.01442, 5.02324, 5.03217, 5.04121, 5.05038, 5.05966, 5.06907, 5.07861, 5.08827, 5.09807, 5.10799, 5.11806, 5.12826, 5.1386, 5.14909, 5.15972, 5.1705, 5.18143, 5.19252, 5.20377, 5.21518, 5.22676, 5.23851, 5.25042, 5.26252, 5.27479, 5.28724, 5.29989, 5.31272, 5.32576, 5.33899, 5.35242, 5.36607, 5.37993, 5.39401, 5.40831, 5.42285, 5.43761, 5.45262, 5.46788, 5.48338, 5.49915, 5.51518, 5.53148, 5.54806, 5.56493, 5.58209, 5.59955, 5.61732, 5.63541, 5.65382, 5.67256, 5.69165, 5.7111, 5.7309, 5.75108, 5.77164, 5.7926, 5.81397, 5.83575, 5.85797, 5.88063, 5.90375, 5.92735, 5.95143, 5.97601, 6.00112, 6.02677, 6.05296, 6.07974, 6.10711, 6.13509, 6.16371, 6.19299, 6.22295, 6.25362, 6.28502, 6.31719, 6.35015, 6.38393, 6.41857, 6.45411, 6.49056, 6.52799, 6.56642, 6.60591, 6.64649, 6.68822, 6.73115, 6.77534, 6.82084, 6.86773, 6.91606, 6.96591, 7.01736, 7.0705, 7.12541, 7.1822, 7.24097, 7.30183, 7.36491, 7.43034, 7.49828, 7.56887, 7.6423, 7.71876, 7.79847, 7.88164, 7.96855, 8.05948, 8.15474, 8.2547, 8.35976, 8.4703, 8.58697, 8.71028, 8.8409, 8.97961, 9.12731, 9.28507, 9.45413, 9.63601, 9.83256, 10.0461, 10.2794, 10.5362, 10.8214, 11.1409, 11.5023, 11.9148, 12.3882, 12.9315, 13.5497, 14.2395, 14.9831, 15.7428, 16.4571, 17.042, 17.3976, 17.4236, 17.038, 16.1973, 14.9105, 13.2443, 11.3422, 9.33084, 7.36007, 5.55788, 4.0128, 2.7672, 1.82101, 1.14274, 0.683413, 0.389318, 0.211165, 0.109014, 0.0535477, 0.0250193, 0.0111161, 0.00469445, 0.00188282, 0.000715519, 0.000255652, 8.32322e-05, 2.01441e-05, 4.58309e-06, 1.37972e-06, 3.95077e-07, 1.07375e-07, 2.76982e-08, 6.78157e-09, 1.57593e-09, 3.47595e-10, 7.27678e-11, 1.44588e-11, 2.72682e-12, 4.881e-13, 8.29258e-14, 1.33721e-14, 2.04662e-15, 2.97307e-16, 4.09923e-17, 5.36448e-18, 6.66318e-19, 7.85532e-20, 8.78973e-21, 9.33504e-22, 9.4099e-23, 9.00291e-24, 8.17541e-25, 7.04636e-26, 5.76433e-27, 4.4757e-28, 3.29839e-29, 2.30713e-30, 1.53169e-31, 9.65157e-33, 5.77237e-34, 3.27671e-35, 1.76543e-36, 9.02802e-38, 4.3819e-39, 2.01865e-40, 8.82649e-42, 3.66306e-43, 1.44287e-44, 5.39436e-46, 1.91417e-47, 6.44689e-49, 2.06086e-50, 6.25279e-52, 1.80065e-53, 4.92166e-55, 1.2768e-56, 3.14385e-58, 7.34734e-60, 1.62977e-61, 3.43124e-63, 6.85652e-65, 1.30042e-66, 2.34096e-68
4.49843, 4.50139, 4.50439, 4.50742, 4.51047, 4.51356, 4.51668, 4.51983, 4.52301, 4.52622, 4.52946, 4.53274, 4.53605, 4.5394, 4.54277, 4.54619, 4.54963, 4.55311, 4.55663, 4.56018, 4.56377, 4.5674, 4.57106, 4.57476, 4.5785, 4.58227, 4.58609, 4.58994, 4.59384, 4.59777, 4.60175, 4.60577, 4.60982, 4.61392, 4.61807, 4.62226, 4.62649, 4.63076, 4.63508, 4.63945, 4.64386, 4.64832, 4.65282, 4.65738, 4.66198, 4.66663, 4.67133, 4.67609, 4.68089, 4.68574, 4.69065, 4.69561, 4.70063, 4.7057, 4.71082, 4.716, 4.72124, 4.72654, 4.73189, 4.73731, 4.74278, 4.74832, 4.75391, 4.75957, 4.7653, 4.77109, 4.77694, 4.78286, 4.78885, 4.79491, 4.80103, 4.80723, 4.8135, 4.81984, 4.82626, 4.83275, 4.83931, 4.84596, 4.85268, 4.85948, 4.86636, 4.87333, 4.88038, 4.88751, 4.89473, 4.90204, 4.90943, 4.91692, 4.9245, 4.93217, 4.93994, 4.9478, 4.95576, 4.96383, 4.97199, 4.98026, 4.98863, 4.99711, 5.0057, 5.0144, 5.02321, 5.03214, 5.04119, 5.05035, 5.05964, 5.06904, 5.07858, 5.08824, 5.09804, 5.10796, 5.11802, 5.12823, 5.13857, 5.14905, 5.15968, 5.17047, 5.1814, 5.19249, 5.20374, 5.21515, 5.22672, 5.23847, 5.25038, 5.26248, 5.27475, 5.2872, 5.29985, 5.31268, 5.32571, 5.33894, 5.35238, 5.36602, 5.37988, 5.39396, 5.40826, 5.4228, 5.43756, 5.45257, 5.46782, 5.48333, 5.4991, 5.51512, 5.53143, 5.54801, 5.56487, 5.58203, 5.59949, 5.61726, 5.63534, 5.65375, 5.6725, 5.69158, 5.71103, 5.73083, 5.75101, 5.77157, 5.79253, 5.81389, 5.83567, 5.85789, 5.88055, 5.90367, 5.92726, 5.95134, 5.97592, 6.00103, 6.02667, 6.05287, 6.07964, 6.107, 6.13498, 6.1636, 6.19287, 6.22283, 6.2535, 6.2849, 6.31707, 6.35002, 6.3838, 6.41844, 6.45397, 6.49042, 6.52784, 6.56627, 6.60575, 6.64633, 6.68806, 6.73098, 6.77517, 6.82066, 6.86754, 6.91586, 6.96571, 7.01716, 7.07029, 7.12519, 7.18197, 7.24073, 7.30158, 7.36465, 7.43008, 7.498, 7.56858, 7.642, 7.71845, 7.79814, 7.8813, 7.9682, 8.05911, 8.15435, 8.25429, 8.35933, 8.46991, 8.58655, 8.70983, 8.84042, 8.9791, 9.12677, 9.28448, 9.45349, 9.63533, 9.83181, 10.0452, 10.2785, 10.5353, 10.8203, 11.1396, 11.5009, 11.9132, 12.3864, 12.9294, 13.5473, 14.2366, 14.9797, 15.7389, 16.4527, 17.0372, 17.3928, 17.4193, 17.0354, 16.1984, 14.9194, 13.2671, 11.3596, 9.3436, 7.36913, 5.56406, 4.01686, 2.76977, 1.82256, 1.14364, 0.683913, 0.389583, 0.2113, 0.109079, 0.0535779, 0.0250326, 0.0111216, 0.00469669, 0.00188368, 0.000715815, 0.000255877, 8.32559e-05, 2.01398e-05, 4.5736e-06, 1.37981e-06, 3.95104e-07, 1.07382e-07, 2.77001e-08, 6.78203e-09, 1.57604e-09, 3.47619e-10, 7.27727e-11, 1.44598e-11, 2.727e-12, 4.88133e-13, 8.29314e-14, 1.3373e-14, 2.04676e-15, 2.97327e-16, 4.0995e-17, 5.36483e-18, 6.66362e-19, 7.85584e-20, 8.79031e-21, 9.33565e-22, 9.41051e-23, 9.00349e-24, 8.17594e-25, 7.04681e-26, 5.7647e-27, 4.47599e-28, 3.2986e-29, 2.30728e-30, 1.53179e-31, 9.65218e-33, 5.77273e-34, 3.27692e-35, 1.76554e-36, 9.02859e-38, 4.38217e-39, 2.01878e-40, 8.82704e-42, 3.66328e-43, 1.44296e-44, 5.39469e-46, 1.91429e-47, 6.44728e-49, 2.06098e-50, 6.25317e-52, 1.80076e-53, 4.92196e-55, 1.27688e-56, 3.14404e-58, 7.34778e-60, 1.62987e-61, 3.43144e-63, 6.85693e-65, 1.3005e-66, 2.3411e-68
148.83
145.43
 
MEASUREMENT 4
1.55269, 4.65806, 7.76344, 10.8688, 13.9742, 17.0796, 20.1849, 23.2903, 26.3957, 29.5011, 32.6116, 35.7273, 38.8327, 41.9485, 45.0642, 48.1799, 51.2957, 54.4114, 57.5323, 60.6481, 63.7638, 66.8796, 69.9849, 73.0913, 76.1925, 79.303, 82.4239, 85.5397, 88.6606, 91.7763, 94.8921, 98.0078, 101.095, 104.143, 107.191, 110.239, 113.286, 116.334, 119.382, 122.43, 125.478, 128.526, 131.574, 134.622, 137.67, 140.718, 143.766, 146.814, 149.861, 152.909, 155.957, 159.005, 162.053, 165.101, 168.144, 171.192, 174.24, 177.288, 180.336, 183.384, 186.431, 189.479, 192.527, 195.575
4.4881, 4.55402, 4.5307, 4.74478, 4.50279, 4.66997, 4.6833, 4.92673, 4.88236, 4.93754, 5.05037, 5.1696, 5.42222, 5.16239, 5.63125, 5.37689, 5.73725, 5.5153, 5.86259, 5.67413, 5.91616, 5.76538, 6.09788, 5.57869, 6.26224, 6.322, 6.40655, 6.30235, 6.62655, 6.73908, 6.90627, 7.03628, 6.56274, 7.17035, 6.985, 7.16158, 7.27355, 7.529, 7.73607, 7.96523, 8.3354, 8.46759, 9.21045, 9.78259, 10.3385, 11.6247, 13.9076, 15.9712, 11.6394, 3.00643, 0.182185, 0.0340129, 0.0204788, 0.0166998, 0.0141501, 0.014572, 0.0111415, 0.011414, 0.0109772, 0.0139659, 0.0113724, 0.0131453, 0.0153869, 0.0143702
0.134643, 0.136621, 0.135921, 0.142343, 0.135084, 0.140099, 0.140499, 0.147802, 0.146471, 0.148126, 0.151511, 0.155088, 0.162667, 0.154872, 0.168938, 0.161307, 0.172117, 0.165459, 0.175878, 0.170224, 0.177485, 0.172961, 0.182936, 0.167361, 0.187867, 0.18966, 0.192197, 0.18907, 0.198796, 0.202172, 0.207188, 0.211088, 0.196882, 0.21511, 0.20955, 0.214847, 0.218207, 0.22587, 0.232082, 0.238957, 0.250062, 0.254028, 0.276314, 0.293478, 0.310154, 0.348742, 0.417228, 0.479137, 0.349183, 0.0901928, 0.00546555, 0.00102039, 0.000614364, 0.000500993, 0.000424503, 0.00043716, 0.000334246, 0.000342419, 0.000329317, 0.000418978, 0.000341172, 0.00039436, 0.000461607, 0.000431105
0, 0.615951, 1.2319, 1.84785, 2.4638, 3.07975, 3.6957, 4.31165, 4.9276, 5.54356, 6.15951, 6.77546, 7.39141, 8.00736, 8.62331, 9.23926, 9.85521, 10.4712, 11.0871, 11.7031, 12.319, 12.935, 13.5509, 14.1669, 14.7828, 15.3988, 16.0147, 16.6307, 17.2466, 17.8626, 18.4785, 19.0945, 19.7104, 20.3264, 20.9423, 21.5583, 22.1742, 22.7902, 23.4061, 24.0221, 24.638, 25.254, 25.8699, 26.4859, 27.1018, 27.7178, 28.3337, 28.9497, 29.5656, 30.1816, 30.7975, 31.4135, 32.0294, 32.6454, 33.2613, 33.8773, 34.4932, 35.1092, 35.7251, 36.3411, 36.957, 37.573, 38.1889, 38.8049, 39.4208, 40.0368, 40.6527, 41.2687, 41.8846, 42.5006, 43.1165, 43.7325, 44.3484, 44.9644, 45.5803, 46.1963, 46.8122, 47.4282, 48.0441, 48.6601, 49.276, 49.892, 50.5079, 51.1239, 51.7399, 52.3558, 52.9718, 53.5877, 54.2037, 54.8196, 55.4356, 56.0515, 56.6675, 57.2834, 57.8994, 58.5153, 59.1313, 59.7472, 60.3632, 60.9791, 61.5951, 62.211, 62.827, 63.4429, 64.0589, 64.6748, 65.2908, 65.9067, 66.5227, 67.1386, 67.7546, 68.3705, 68.9865, 69.6024, 70.2184, 70.8343, 71.4503, 72.0662, 72.6822, 73.2981, 73.9141, 74.53, 75.146, 75.7619, 76.3779, 76.9938, 77.6098, 78.2257, 78.8417, 79.4576, 80.0736, 80.6895, 81.3055, 81.9214, 82.5374, 83.1533, 83.7693, 84.3852, 85.0012, 85.6171, 86.2331, 86.849, 87.465, 88.0809, 88.6969, 89.3128, 89.9288, 90.5447, 91.1607, 91.7766, 92.3926, 93.0085, 93.6245, 94.2404, 94.8564, 95.4723, 96.0883, 96.7042, 97.3202, 97.9361, 98.5521, 99.168, 99.784, 100.4, 101.016, 101.632, 102.248, 102.864, 103.48, 104.096, 104.712, 105.328, 105.944, 106.559, 107.175, 107.791, 108.407, 109.023, 109.639, 110.255, 110.871, 111.487, 112.103, 112.719, 113.335, 113.951, 114.567, 115.183, 115.799, 116.415, 117.031, 117.647, 118.263, 118.878, 119.494, 120.11, 120.726, 121.342, 121.958, 122.574, 123.19, 123.806, 124.422, 125.038, 125.654, 126.27, 126.886, 127.502, 128.118, 128.734, 129.35, 129.966, 130.582, 131.197, 131.813, 132.429, 133.045, 133.661, 134.277, 134.893, 135.509, 136.125, 136.741, 137.357, 137.973, 138.589, 139.205, 139.821, 140.437, 141.053, 141.669, 142.285, 142.901, 143.516, 144.132, 144.748, 145.364, 145.98, 146.596, 147.212, 147.828, 148.444, 149.06, 149.676, 150.292, 150.908, 151.524, 152.14, 152.756, 153.372, 153.988, 154.604, 155.22, 155.836, 156.451, 157.067, 157.683, 158.299, 158.915, 159.531, 160.147, 160.763, 161.379, 161.995, 162.611, 163.227, 163.843, 164.459, 165.075, 165.691, 166.307, 166.923, 167.539, 168.155, 168.77, 169.386, 170.002, 170.618, 171.234, 171.85, 172.466, 173.082, 173.698, 174.314, 174.93, 175.546, 176.162, 176.778, 177.394, 178.01, 178.626, 179.242, 179.858, 180.474, 181.089, 181.705, 182.321, 182.937, 183.553, 184.169, 184.785, 185.401, 186.017, 186.633, 187.249, 187.865, 188.481, 189.097, 189.713, 190.329, 190.945, 191.561, 192.177, 192.793, 193.408, 194.024, 194.64, 195.256, 195.872, 196.488
0, 0, 0, 0, 0, 0, 0, 0, 0, 0, 0, 0, 0, 0, 0, 0, 0, 0, 0, 0, 0, 0, 0, 0, 0, 0, 0, 0, 0, 0, 0, 0, 0, 0, 0, 0, 0, 0, 0, 0, 0, 0, 0, 0, 0, 0, 0, 0, 0, 0, 0, 0, 0, 0, 0, 0, 0, 0, 0, 0, 0, 0, 0, 0, 0, 0, 0, 0, 0, 0, 0, 0, 0, 0, 0, 0, 0, 0, 0, 0, 0, 0, 0, 0, 0, 0, 0, 0, 0, 0, 0, 0, 0, 0, 0, 0, 0, 0, 0, 0, 0, 0, 0, 0, 0, 0, 0, 0, 0, 0, 0, 0, 0, 0, 0, 0, 0, 0, 0, 0, 0, 0, 0, 0, 0, 0, 0, 0, 0, 0, 0, 0, 0, 0, 0, 0, 0, 0, 0, 0, 0, 0, 0, 0, 0, 0, 0, 0, 0, 0, 0, 0, 0, 0, 0, 0, 0, 0, 0, 0, 0, 0, 0, 0, 0, 0, 0, 0, 0, 0, 0, 0, 0, 0, 0, 0, 0, 0, 0, 0, 0, 0, 0, 0, 0, 0, 0, 0, 0, 0, 0, 0, 0, 0, 0, 0, 0, 0, 0, 0, 0, 0, 0, 0, 0, 0, 0, 0, 0, 0, 0, 0, 0, 0, 0, 0, 0, 0, 0, 0, 0, 0, 0, 0, 0, 0, 0, 0, 0, 0, 0, 0, 0, 0, 0, 0, 0, 0, 0, 0, 0, 0, 0, 0, 0, 0, 0, 0, 0, 0, 0, 0, 0, 0, 0, 0, 0, 0, 0, 0, 0, 0, 0, 0, 0, 0, 0, 0, 0, 0, 0, 0, 0, 0, 0, 0, 0, 0, 0, 0, 0, 0, 0, 0, 0, 0, 0, 0, 0, 0, 0, 0, 0, 0, 0, 0, 0, 0, 0, 0, 0, 0, 0, 0, 0, 0, 0, 0, 0, 0, 0, 0, 0, 0, 0, 0, 0, 0, 0, 0
0, 0, 0, 0, 0, 0, 0, 0, 0, 0, 0, 0, 0, 0, 0, 0, 0, 0, 0, 0, 0, 0, 0, 0, 0, 0, 0, 0, 0, 0, 0, 0, 0, 0, 0, 0, 0, 0, 0, 0, 0, 0, 0, 0, 0, 0, 0, 0, 0, 0, 0, 0, 0, 0, 0, 0, 0, 0, 0, 0, 0, 0, 0, 0, 0, 0, 0, 0, 0, 0, 0, 0, 0, 0, 0, 0, 0, 0, 0, 0, 0, 0, 0, 0, 0, 0, 0, 0, 0, 0, 0, 0, 0, 0, 0, 0, 0, 0, 0, 0, 0, 0, 0, 0, 0, 0, 0, 0, 0, 0, 0, 0, 0, 0, 0, 0, 0, 0, 0, 0, 0, 0, 0, 0, 0, 0, 0, 0, 0, 0, 0, 0, 0, 0, 0, 0, 0, 0, 0, 0, 0, 0, 0, 0, 0, 0, 0, 0, 0, 0, 0, 0, 0, 0, 0, 0, 0, 0, 0, 0, 0, 0, 0, 0, 0, 0, 0, 0, 0, 0, 0, 0, 0, 0, 0, 0, 0, 0, 0, 0, 0, 0, 0, 0, 0, 0, 0, 0, 0, 0, 0, 0, 0, 0, 0, 0, 0, 0, 0, 0, 0, 0, 0, 0, 0, 0, 0, 0, 0, 0, 0, 0, 0, 0, 0, 0, 0, 0, 0, 0, 0, 0, 0, 0, 0, 0, 0, 0, 0, 0, 0, 0, 0, 0, 0, 0, 0, 0, 0, 0, 0, 0, 0, 0, 0, 0, 0, 0, 0, 0, 0, 0, 0, 0, 0, 0, 0, 0, 0, 0, 0, 0, 0, 0, 0, 0, 0, 0, 0, 0, 0, 0, 0, 0, 0, 0, 0, 0, 0, 0, 0, 0, 0, 0, 0, 0, 0, 0, 0, 0, 0, 0, 0, 0, 0, 0, 0, 0, 0, 0, 0, 0, 0, 0, 0, 0, 0, 0, 0, 0, 0, 0, 0, 0, 0, 0, 0, 0, 0, 0
-
-
 
MEASUREMENT 5
1.55269, 4.65806, 7.76344, 10.8688, 13.9742, 17.0796, 20.1849, 23.2903, 26.3957, 29.5011, 32.6116, 35.7273, 38.8327, 41.9485, 45.0642, 48.1799, 51.2957, 54.4114, 57.5323, 60.6481, 63.7638, 66.8796, 69.9849, 73.0913, 76.1925, 79.303, 82.4239, 85.5397, 88.6606, 91.7763, 94.8921, 98.0078, 101.095, 104.143, 107.191, 110.239, 113.286, 116.334, 119.382, 122.43, 125.478, 128.526, 131.574, 134.622, 137.67, 140.718, 143.766, 146.814, 149.861, 152.909, 155.957, 159.005, 162.053, 165.101, 168.144, 171.192, 174.24, 177.288, 180.336, 183.384, 186.431, 189.479, 192.527, 195.575
4.49114, 4.55697, 4.53339, 4.7488, 4.50676, 4.67409, 4.68681, 4.93007, 4.88534, 4.94066, 5.05612, 5.1745, 5.42713, 5.16706, 5.63766, 5.3826, 5.74327, 5.51993, 5.86895, 5.68087, 5.92075, 5.77111, 6.10397, 5.58246, 6.26872, 6.32839, 6.41335, 6.31069, 6.63388, 6.74614, 6.91473, 7.04168, 6.56959, 7.17814, 6.99224, 7.1701, 7.28242, 7.53736, 7.74495, 7.97512, 8.34633, 8.47892, 9.22237, 9.79461, 10.3521, 11.6426, 13.9267, 15.9973, 11.655, 3.00891, 0.182273, 0.0337803, 0.0204736, 0.0166686, 0.014092, 0.014513, 0.011232, 0.0113568, 0.011049, 0.0138973, 0.0112246, 0.0134859, 0.0152697, 0.0142841
0.134734, 0.136709, 0.136002, 0.142464, 0.135203, 0.140223, 0.140604, 0.147902, 0.14656, 0.14822, 0.151684, 0.155235, 0.162814, 0.155012, 0.16913, 0.161478, 0.172298, 0.165598, 0.176068, 0.170426, 0.177623, 0.173133, 0.183119, 0.167474, 0.188062, 0.189852, 0.1924, 0.189321, 0.199017, 0.202384, 0.207442, 0.211251, 0.197088, 0.215344, 0.209767, 0.215103, 0.218473, 0.226121, 0.232349, 0.239254, 0.25039, 0.254368, 0.276671, 0.293838, 0.310563, 0.349277, 0.4178, 0.479919, 0.349651, 0.0902673, 0.0054682, 0.00101341, 0.000614208, 0.000500058, 0.000422761, 0.000435391, 0.000336961, 0.000340704, 0.000331471, 0.00041692, 0.000336739, 0.000404576, 0.00045809, 0.000428522
0, 0.615951, 1.2319, 1.84785, 2.4638, 3.07975, 3.6957, 4.31165, 4.9276, 5.54356, 6.15951, 6.77546, 7.39141, 8.00736, 8.62331, 9.23926, 9.85521, 10.4712, 11.0871, 11.7031, 12.319, 12.935, 13.5509, 14.1669, 14.7828, 15.3988, 16.0147, 16.6307, 17.2466, 17.8626, 18.4785, 19.0945, 19.7104, 20.3264, 20.9423, 21.5583, 22.1742, 22.7902, 23.4061, 24.0221, 24.638, 25.254, 25.8699, 26.4859, 27.1018, 27.7178, 28.3337, 28.9497, 29.5656, 30.1816, 30.7975, 31.4135, 32.0294, 32.6454, 33.2613, 33.8773, 34.4932, 35.1092, 35.7251, 36.3411, 36.957, 37.573, 38.1889, 38.8049, 39.4208, 40.0368, 40.6527, 41.2687, 41.8846, 42.5006, 43.1165, 43.7325, 44.3484, 44.9644, 45.5803, 46.1963, 46.8122, 47.4282, 48.0441, 48.6601, 49.276, 49.892, 50.5079, 51.1239, 51.7399, 52.3558, 52.9718, 53.5877, 54.2037, 54.8196, 55.4356, 56.0515, 56.6675, 57.2834, 57.8994, 58.5153, 59.1313, 59.7472, 60.3632, 60.9791, 61.5951, 62.211, 62.827, 63.4429, 64.0589, 64.6748, 65.2908, 65.9067, 66.5227, 67.1386, 67.7546, 68.3705, 68.9865, 69.6024, 70.2184, 70.8343, 71.4503, 72.0662, 72.6822, 73.2981, 73.9141, 74.53, 75.146, 75.7619, 76.3779, 76.9938, 77.6098, 78.2257, 78.8417, 79.4576, 80.0736, 80.6895, 81.3055, 81.9214, 82.5374, 83.1533, 83.7693, 84.3852, 85.0012, 85.6171, 86.2331, 86.849, 87.465, 88.0809, 88.6969, 89.3128, 89.9288, 90.5447, 91.1607, 91.7766, 92.3926, 93.0085, 93.6245, 94.2404, 94.8564, 95.4723, 96.0883, 96.7042, 97.3202, 97.9361, 98.5521, 99.168, 99.784, 100.4, 101.016, 101.632, 102.248, 102.864, 103.48, 104.096, 104.712, 105.328, 105.944, 106.559, 107.175, 107.791, 108.407, 109.023, 109.639, 110.255, 110.871, 111.487, 112.103, 112.719, 113.335, 113.951, 114.567, 115.183, 115.799, 116.415, 117.031, 117.647, 118.263, 118.878, 119.494, 120.11, 120.726, 121.342, 121.958, 122.574, 123.19, 123.806, 124.422, 125.038, 125.654, 126.27, 126.886, 127.502, 128.118, 128.734, 129.35, 129.966, 130.582, 131.197, 131.813, 132.429, 133.045, 133.661, 134.277, 134.893, 135.509, 136.125, 136.741, 137.357, 137.973, 138.589, 139.205, 139.821, 140.437, 141.053, 141.669, 142.285, 142.901, 143.516, 144.132, 144.748, 145.364, 145.98, 146.596, 147.212, 147.828, 148.444, 149.06, 149.676, 150.292, 150.908, 151.524, 152.14, 152.756, 153.372, 153.988, 154.604, 155.22, 155.836, 156.451, 157.067, 157.683, 158.299, 158.915, 159.531, 160.147, 160.763, 161.379, 161.995, 162.611, 163.227, 163.843, 164.459, 165.075, 165.691, 166.307, 166.923, 167.539, 168.155, 168.77, 169.386, 170.002, 170.618, 171.234, 171.85, 172.466, 173.082, 173.698, 174.314, 174.93, 175.546, 176.162, 176.778, 177.394, 178.01, 178.626, 179.242, 179.858, 180.474, 181.089, 181.705, 182.321, 182.937, 183.553, 184.169, 184.785, 185.401, 186.017, 186.633, 187.249, 187.865, 188.481, 189.097, 189.713, 190.329, 190.945, 191.561, 192.177, 192.793, 193.408, 194.024, 194.64, 195.256, 195.872, 196.488
4.51288, 4.51585, 4.51886, 4.52189, 4.52496, 4.52806, 4.53118, 4.53434, 4.53753, 4.54076, 4.54401, 4.5473, 4.55062, 4.55398, 4.55736, 4.56079, 4.56425, 4.56774, 4.57127, 4.57483, 4.57843, 4.58207, 4.58574, 4.58945, 4.5932, 4.59699, 4.60082, 4.60469, 4.60859, 4.61254, 4.61653, 4.62056, 4.62463, 4.62875, 4.6329, 4.6371, 4.64135, 4.64564, 4.64997, 4.65435, 4.65878, 4.66325, 4.66777, 4.67234, 4.67696, 4.68162, 4.68634, 4.69111, 4.69593, 4.7008, 4.70572, 4.7107, 4.71573, 4.72082, 4.72596, 4.73116, 4.73641, 4.74172, 4.7471, 4.75253, 4.75802, 4.76357, 4.76919, 4.77487, 4.78061, 4.78642, 4.79229, 4.79823, 4.80424, 4.81031, 4.81646, 4.82268, 4.82897, 4.83533, 4.84176, 4.84827, 4.85486, 4.86153, 4.86827, 4.87509, 4.882, 4.88899, 4.89606, 4.90321, 4.91046, 4.91779, 4.92521, 4.93272, 4.94032, 4.94802, 4.95581, 4.9637, 4.97169, 4.97978, 4.98797, 4.99626, 5.00466, 5.01317, 5.02179, 5.03052, 5.03936, 5.04831, 5.05739, 5.06658, 5.0759, 5.08534, 5.0949, 5.1046, 5.11442, 5.12438, 5.13448, 5.14471, 5.15509, 5.1656, 5.17627, 5.18709, 5.19806, 5.20918, 5.22047, 5.23191, 5.24353, 5.25531, 5.26726, 5.2794, 5.29171, 5.3042, 5.31689, 5.32976, 5.34284, 5.35611, 5.36959, 5.38328, 5.39718, 5.41131, 5.42566, 5.44024, 5.45505, 5.47011, 5.48541, 5.50097, 5.51678, 5.53286, 5.54922, 5.56585, 5.58277, 5.59998, 5.6175, 5.63533, 5.65347, 5.67194, 5.69074, 5.70989, 5.7294, 5.74927, 5.76951, 5.79014, 5.81116, 5.8326, 5.85445, 5.87674, 5.89947, 5.92267, 5.94633, 5.97049, 5.99516, 6.02034, 6.04607, 6.07235, 6.09921, 6.12666, 6.15473, 6.18344, 6.21281, 6.24287, 6.27364, 6.30514, 6.33741, 6.37047, 6.40436, 6.43911, 6.47476, 6.51133, 6.54887, 6.58743, 6.62704, 6.66775, 6.70961, 6.75267, 6.797, 6.84265, 6.88968, 6.93816, 6.98817, 7.03978, 7.09308, 7.14817, 7.20513, 7.26408, 7.32514, 7.38841, 7.45405, 7.5222, 7.59301, 7.66667, 7.74337, 7.82332, 7.90676, 7.99393, 8.08514, 8.1807, 8.28097, 8.38635, 8.49724, 8.61426, 8.73794, 8.86897, 9.0081, 9.15626, 9.31449, 9.48406, 9.6665, 9.86363, 10.0778, 10.3118, 10.5694, 10.8554, 11.1758, 11.5383, 11.9519, 12.4267, 12.9715, 13.5915, 14.2834, 15.0293, 15.7916, 16.5086, 17.0958, 17.4534, 17.4805, 17.0948, 16.2526, 14.9626, 13.2916, 11.3836, 9.36569, 7.38815, 5.57951, 4.02871, 2.77836, 1.82847, 1.14749, 0.68629, 0.390974, 0.212073, 0.109486, 0.0537811, 0.0251289, 0.0111649, 0.00471511, 0.00189112, 0.000718671, 0.00025678, 8.36047e-05, 2.02458e-05, 4.6029e-06, 1.38563e-06, 3.96751e-07, 1.07824e-07, 2.78124e-08, 6.80905e-09, 1.5822e-09, 3.48949e-10, 7.30445e-11, 1.45124e-11, 2.73664e-12, 4.89803e-13, 8.32052e-14, 1.34155e-14, 2.05299e-15, 2.9819e-16, 4.11078e-17, 5.37876e-18, 6.67984e-19, 7.87363e-20, 8.80866e-21, 9.35341e-22, 9.42662e-23, 9.01711e-24, 8.18662e-25, 7.05452e-26, 5.76973e-27, 4.47888e-28, 3.29996e-29, 2.30767e-30, 1.53166e-31, 9.64893e-33, 5.76926e-34, 3.27406e-35, 1.76351e-36, 9.01563e-38, 4.3746e-39, 2.01468e-40, 8.80644e-42, 3.65358e-43, 1.43868e-44, 5.37691e-46, 1.90734e-47, 6.42166e-49, 2.05207e-50, 6.22391e-52, 1.79167e-53, 4.89531e-55, 1.26948e-56, 3.12462e-58, 7.29952e-60, 1.61851e-61, 3.40614e-63, 6.80354e-65, 1.28983e-66, 2.32089e-68
4.51288, 4.51585, 4.51886, 4.52189, 4.52496, 4.52806, 4.53118, 4.53434, 4.53753, 4.54076, 4.54401, 4.5473, 4.55062, 4.55397, 4.55736, 4.56079, 4.56424, 4.56774, 4.57126, 4.57483, 4.57843, 4.58207, 4.58574, 4.58945, 4.5932, 4.59699, 4.60082, 4.60468, 4.60859, 4.61254, 4.61653, 4.62056, 4.62463, 4.62874, 4.6329, 4.6371, 4.64134, 4.64563, 4.64996, 4.65434, 4.65877, 4.66324, 4.66776, 4.67233, 4.67695, 4.68162, 4.68633, 4.6911, 4.69592, 4.70079, 4.70571, 4.71069, 4.71572, 4.72081, 4.72595, 4.73115, 4.7364, 4.74171, 4.74709, 4.75252, 4.75801, 4.76356, 4.76918, 4.77485, 4.7806, 4.7864, 4.79228, 4.79822, 4.80422, 4.8103, 4.81645, 4.82266, 4.82895, 4.83531, 4.84175, 4.84826, 4.85485, 4.86151, 4.86825, 4.87508, 4.88198, 4.88897, 4.89604, 4.9032, 4.91044, 4.91777, 4.92519, 4.9327, 4.9403, 4.948, 4.95579, 4.96368, 4.97167, 4.97976, 4.98795, 4.99624, 5.00464, 5.01315, 5.02176, 5.03049, 5.03933, 5.04829, 5.05736, 5.06656, 5.07587, 5.08531, 5.09487, 5.10457, 5.11439, 5.12435, 5.13445, 5.14468, 5.15505, 5.16557, 5.17624, 5.18705, 5.19802, 5.20915, 5.22043, 5.23188, 5.24349, 5.25527, 5.26723, 5.27936, 5.29167, 5.30416, 5.31685, 5.32972, 5.34279, 5.35607, 5.36955, 5.38323, 5.39714, 5.41126, 5.42561, 5.44019, 5.455, 5.47005, 5.48536, 5.50091, 5.51673, 5.53281, 5.54916, 5.56579, 5.58271, 5.59992, 5.61744, 5.63526, 5.6534, 5.67187, 5.69068, 5.70983, 5.72933, 5.74919, 5.76944, 5.79006, 5.81109, 5.83252, 5.85437, 5.87666, 5.89939, 5.92258, 5.94625, 5.9704, 5.99506, 6.02025, 6.04597, 6.07225, 6.09911, 6.12656, 6.15463, 6.18333, 6.2127, 6.24275, 6.27352, 6.30502, 6.33729, 6.37035, 6.40423, 6.43898, 6.47462, 6.51119, 6.54873, 6.58728, 6.62688, 6.66759, 6.70944, 6.7525, 6.79682, 6.84246, 6.88949, 6.93797, 6.98797, 7.03957, 7.09287, 7.14795, 7.20491, 7.26385, 7.32489, 7.38816, 7.45379, 7.52192, 7.59273, 7.66637, 7.74306, 7.823, 7.90642, 7.99358, 8.08477, 8.18031, 8.28056, 8.38592, 8.49684, 8.61384, 8.7375, 8.86849, 9.00759, 9.15571, 9.3139, 9.48342, 9.66581, 9.86288, 10.0769, 10.3109, 10.5684, 10.8543, 11.1746, 11.5369, 11.9504, 12.4249, 12.9694, 13.5891, 14.2805, 15.026, 15.7877, 16.5041, 17.091, 17.4486, 17.4763, 17.0923, 16.2537, 14.9715, 13.3145, 11.4011, 9.3785, 7.39724, 5.58572, 4.03279, 2.78094, 1.83003, 1.14839, 0.686792, 0.391241, 0.212208, 0.109551, 0.0538114, 0.0251422, 0.0111705, 0.00471736, 0.00189198, 0.000718969, 0.000257006, 8.36285e-05, 2.02415e-05, 4.59337e-06, 1.38572e-06, 3.96778e-07, 1.07831e-07, 2.78143e-08, 6.80952e-09, 1.58231e-09, 3.48972e-10, 7.30495e-11, 1.45134e-11, 2.73682e-12, 4.89836e-13, 8.32108e-14, 1.34164e-14, 2.05312e-15, 2.9821e-16, 4.11106e-17, 5.37912e-18, 6.68028e-19, 7.87415e-20, 8.80924e-21, 9.35402e-22, 9.42724e-23, 9.0177e-24, 8.18715e-25, 7.05497e-26, 5.7701e-27, 4.47917e-28, 3.30017e-29, 2.30781e-30, 1.53176e-31, 9.64954e-33, 5.76962e-34, 3.27427e-35, 1.76362e-36, 9.01619e-38, 4.37488e-39, 2.01481e-40, 8.80698e-42, 3.65381e-43, 1.43877e-44, 5.37724e-46, 1.90745e-47, 6.42206e-49, 2.0522e-50, 6.22429e-52, 1.79178e-53, 4.89561e-55, 1.26956e-56, 3.12481e-58, 7.29996e-60, 1.61861e-61, 3.40635e-63, 6.80395e-65, 1.28991e-66, 2.32103e-68
148.84
145.43
 
MEASUREMENT 6
1.55269, 4.65806, 7.76344, 10.8688, 13.9742, 17.0796, 20.1849, 23.2903, 26.3957, 29.5011, 32.6116, 35.7273, 38.8327, 41.9485, 45.0642, 48.1799, 51.2957, 54.4114, 57.5323, 60.6481, 63.7638, 66.8796, 69.9849, 73.0913, 76.1925, 79.303, 82.4239, 85.5397, 88.6606, 91.7763, 94.8921, 98.0078, 101.095, 104.143, 107.191, 110.239, 113.286, 116.334, 119.382, 122.43, 125.478, 128.526, 131.574, 134.622, 137.67, 140.718, 143.766, 146.814, 149.861, 152.909, 155.957, 159.005, 162.053, 165.101, 168.144, 171.192, 174.24, 177.288, 180.336, 183.384, 186.431, 189.479, 192.527, 195.575
4.4936, 4.55974, 4.53571, 4.75074, 4.50929, 4.67642, 4.68942, 4.93374, 4.8884, 4.9431, 5.06086, 5.17846, 5.4319, 5.17149, 5.64321, 5.38703, 5.74845, 5.5245, 5.8746, 5.68678, 5.92493, 5.77634, 6.10967, 5.5877, 6.27502, 6.33462, 6.41937, 6.3176, 6.64065, 6.75259, 6.92259, 7.0464, 6.57503, 7.18456, 6.99892, 7.17904, 7.29038, 7.54548, 7.75259, 7.9832, 8.35616, 8.48855, 9.23347, 9.80625, 10.3659, 11.6583, 13.9443, 16.0234, 11.671, 3.0117, 0.182592, 0.0336069, 0.0209091, 0.0167692, 0.0143232, 0.0146062, 0.0112494, 0.0113757, 0.0110173, 0.013984, 0.0113907, 0.0132416, 0.0152308, 0.0143018
0.134808, 0.136792, 0.136071, 0.142522, 0.135279, 0.140293, 0.140683, 0.148012, 0.146652, 0.148293, 0.151826, 0.155354, 0.162957, 0.155145, 0.169296, 0.161611, 0.172454, 0.165735, 0.176238, 0.170603, 0.177748, 0.17329, 0.18329, 0.167631, 0.188251, 0.190039, 0.192581, 0.189528, 0.19922, 0.202578, 0.207678, 0.211392, 0.197251, 0.215537, 0.209968, 0.215371, 0.218711, 0.226364, 0.232578, 0.239496, 0.250685, 0.254657, 0.277004, 0.294187, 0.310976, 0.349749, 0.418328, 0.480703, 0.350129, 0.0903511, 0.00547777, 0.00100821, 0.000627273, 0.000503076, 0.000429697, 0.000438185, 0.000337483, 0.00034127, 0.000330518, 0.000419521, 0.000341721, 0.000397249, 0.000456923, 0.000429055
0, 0.615951, 1.2319, 1.84785, 2.4638, 3.07975, 3.6957, 4.31165, 4.9276, 5.54356, 6.15951, 6.77546, 7.39141, 8.00736, 8.62331, 9.23926, 9.85521, 10.4712, 11.0871, 11.7031, 12.319, 12.935, 13.5509, 14.1669, 14.7828, 15.3988, 16.0147, 16.6307, 17.2466, 17.8626, 18.4785, 19.0945, 19.7104, 20.3264, 20.9423, 21.5583, 22.1742, 22.7902, 23.4061, 24.0221, 24.638, 25.254, 25.8699, 26.4859, 27.1018, 27.7178, 28.3337, 28.9497, 29.5656, 30.1816, 30.7975, 31.4135, 32.0294, 32.6454, 33.2613, 33.8773, 34.4932, 35.1092, 35.7251, 36.3411, 36.957, 37.573, 38.1889, 38.8049, 39.4208, 40.0368, 40.6527, 41.2687, 41.8846, 42.5006, 43.1165, 43.7325, 44.3484, 44.9644, 45.5803, 46.1963, 46.8122, 47.4282, 48.0441, 48.6601, 49.276, 49.892, 50.5079, 51.1239, 51.7399, 52.3558, 52.9718, 53.5877, 54.2037, 54.8196, 55.4356, 56.0515, 56.6675, 57.2834, 57.8994, 58.5153, 59.1313, 59.7472, 60.3632, 60.9791, 61.5951, 62.211, 62.827, 63.4429, 64.0589, 64.6748, 65.2908, 65.9067, 66.5227, 67.1386, 67.7546, 68.3705, 68.9865, 69.6024, 70.2184, 70.8343, 71.4503, 72.0662, 72.6822, 73.2981, 73.9141, 74.53, 75.146, 75.7619, 76.3779, 76.9938, 77.6098, 78.2257, 78.8417, 79.4576, 80.0736, 80.6895, 81.3055, 81.9214, 82.5374, 83.1533, 83.7693, 84.3852, 85.0012, 85.6171, 86.2331, 86.849, 87.465, 88.0809, 88.6969, 89.3128, 89.9288, 90.5447, 91.1607, 91.7766, 92.3926, 93.0085, 93.6245, 94.2404, 94.8564, 95.4723, 96.0883, 96.7042, 97.3202, 97.9361, 98.5521, 99.168, 99.784, 100.4, 101.016, 101.632, 102.248, 102.864, 103.48, 104.096, 104.712, 105.328, 105.944, 106.559, 107.175, 107.791, 108.407, 109.023, 109.639, 110.255, 110.871, 111.487, 112.103, 112.719, 113.335, 113.951, 114.567, 115.183, 115.799, 116.415, 117.031, 117.647, 118.263, 118.878, 119.494, 120.11, 120.726, 121.342, 121.958, 122.574, 123.19, 123.806, 124.422, 125.038, 125.654, 126.27, 126.886, 127.502, 128.118, 128.734, 129.35, 129.966, 130.582, 131.197, 131.813, 132.429, 133.045, 133.661, 134.277, 134.893, 135.509, 136.125, 136.741, 137.357, 137.973, 138.589, 139.205, 139.821, 140.437, 141.053, 141.669, 142.285, 142.901, 143.516, 144.132, 144.748, 145.364, 145.98, 146.596, 147.212, 147.828, 148.444, 149.06, 149.676, 150.292, 150.908, 151.524, 152.14, 152.756, 153.372, 153.988, 154.604, 155.22, 155.836, 156.451, 157.067, 157.683, 158.299, 158.915, 159.531, 160.147, 160.763, 161.379, 161.995, 162.611, 163.227, 163.843, 164.459, 165.075, 165.691, 166.307, 166.923, 167.539, 168.155, 168.77, 169.386, 170.002, 170.618, 171.234, 171.85, 172.466, 173.082, 173.698, 174.314, 174.93, 175.546, 176.162, 176.778, 177.394, 178.01, 178.626, 179.242, 179.858, 180.474, 181.089, 181.705, 182.321, 182.937, 183.553, 184.169, 184.785, 185.401, 186.017, 186.633, 187.249, 187.865, 188.481, 189.097, 189.713, 190.329, 190.945, 191.561, 192.177, 192.793, 193.408, 194.024, 194.64, 195.256, 195.872, 196.488
4.51869, 4.52167, 4.52468, 4.52772, 4.53079, 4.53389, 4.53702, 4.54018, 4.54338, 4.54661, 4.54987, 4.55316, 4.55648, 4.55984, 4.56324, 4.56666, 4.57013, 4.57362, 4.57716, 4.58072, 4.58433, 4.58797, 4.59165, 4.59537, 4.59912, 4.60291, 4.60675, 4.61062, 4.61453, 4.61848, 4.62248, 4.62651, 4.63059, 4.63471, 4.63887, 4.64308, 4.64733, 4.65162, 4.65596, 4.66035, 4.66478, 4.66926, 4.67378, 4.67836, 4.68298, 4.68765, 4.69238, 4.69715, 4.70197, 4.70685, 4.71178, 4.71677, 4.7218, 4.7269, 4.73204, 4.73725, 4.74251, 4.74783, 4.75321, 4.75865, 4.76415, 4.76971, 4.77533, 4.78102, 4.78677, 4.79258, 4.79846, 4.80441, 4.81042, 4.81651, 4.82266, 4.82889, 4.83518, 4.84155, 4.848, 4.85452, 4.86111, 4.86779, 4.87454, 4.88137, 4.88829, 4.89528, 4.90236, 4.90953, 4.91678, 4.92412, 4.93155, 4.93907, 4.94668, 4.95439, 4.96219, 4.97009, 4.97809, 4.98619, 4.99439, 5.0027, 5.01111, 5.01962, 5.02825, 5.03699, 5.04584, 5.05481, 5.0639, 5.0731, 5.08243, 5.09188, 5.10146, 5.11117, 5.121, 5.13098, 5.14108, 5.15133, 5.16172, 5.17225, 5.18293, 5.19376, 5.20475, 5.21589, 5.22718, 5.23865, 5.25027, 5.26207, 5.27404, 5.28619, 5.29852, 5.31103, 5.32373, 5.33662, 5.34971, 5.363, 5.3765, 5.3902, 5.40413, 5.41827, 5.43263, 5.44723, 5.46207, 5.47714, 5.49246, 5.50804, 5.52388, 5.53998, 5.55635, 5.57301, 5.58995, 5.60718, 5.62472, 5.64257, 5.66074, 5.67923, 5.69806, 5.71723, 5.73676, 5.75666, 5.77693, 5.79758, 5.81863, 5.84009, 5.86197, 5.88429, 5.90705, 5.93028, 5.95397, 5.97816, 6.00286, 6.02808, 6.05383, 6.08015, 6.10704, 6.13453, 6.16264, 6.19138, 6.22079, 6.25089, 6.28169, 6.31324, 6.34555, 6.37865, 6.41258, 6.44738, 6.48307, 6.51969, 6.55728, 6.59588, 6.63554, 6.6763, 6.71822, 6.76134, 6.80572, 6.85142, 6.89851, 6.94705, 6.99712, 7.0488, 7.10217, 7.15733, 7.21437, 7.27339, 7.33452, 7.39787, 7.4636, 7.53183, 7.60273, 7.67648, 7.75328, 7.83333, 7.91687, 8.00416, 8.09548, 8.19116, 8.29155, 8.39706, 8.50809, 8.62526, 8.7491, 8.88028, 9.01959, 9.16793, 9.32636, 9.49614, 9.67881, 9.87619, 10.0906, 10.3249, 10.5828, 10.8692, 11.19, 11.5529, 11.9671, 12.4424, 12.9879, 13.6086, 14.3012, 15.0479, 15.8109, 16.5285, 17.1163, 17.4743, 17.5015, 17.1156, 16.2728, 14.9819, 13.3096, 11.4001, 9.38022, 7.40057, 5.58973, 4.03679, 2.78448, 1.8329, 1.15055, 0.688303, 0.392235, 0.212823, 0.10991, 0.0540089, 0.025245, 0.0112211, 0.00474089, 0.00190233, 0.0007233, 0.000258591, 8.42781e-05, 2.0497e-05, 4.64122e-06, 1.398e-06, 4.00541e-07, 1.08924e-07, 2.81149e-08, 6.88787e-09, 1.60166e-09, 3.53501e-10, 7.40537e-11, 1.47245e-11, 2.77887e-12, 4.97774e-13, 8.46316e-14, 1.36574e-14, 2.0919e-15, 3.04123e-16, 4.19656e-17, 5.49633e-18, 6.83264e-19, 8.06195e-20, 9.02874e-21, 9.59732e-22, 9.68298e-23, 9.27264e-24, 8.42818e-25, 7.2711e-26, 5.9539e-27, 4.62742e-28, 3.4136e-29, 2.39013e-30, 1.58842e-31, 1.00195e-32, 5.99876e-34, 3.40889e-35, 1.83865e-36, 9.41288e-38, 4.57384e-39, 2.10948e-40, 9.2343e-42, 3.8368e-43, 1.5131e-44, 5.66376e-46, 2.01222e-47, 6.78551e-49, 2.17182e-50, 6.59785e-52, 1.90246e-53, 5.20672e-55, 1.35253e-56, 3.33478e-58, 7.80407e-60, 1.73345e-61, 3.65457e-63, 7.31302e-65, 1.38897e-66, 2.50394e-68
4.51869, 4.52167, 4.52468, 4.52772, 4.53079, 4.53389, 4.53702, 4.54018, 4.54338, 4.54661, 4.54986, 4.55316, 4.55648, 4.55984, 4.56323, 4.56666, 4.57012, 4.57362, 4.57715, 4.58072, 4.58433, 4.58797, 4.59165, 4.59536, 4.59912, 4.60291, 4.60674, 4.61062, 4.61453, 4.61848, 4.62247, 4.62651, 4.63058, 4.6347, 4.63886, 4.64307, 4.64732, 4.65161, 4.65595, 4.66034, 4.66477, 4.66925, 4.67378, 4.67835, 4.68297, 4.68765, 4.69237, 4.69714, 4.70197, 4.70684, 4.71177, 4.71676, 4.72179, 4.72689, 4.73203, 4.73724, 4.7425, 4.74782, 4.7532, 4.75864, 4.76414, 4.7697, 4.77532, 4.781, 4.78675, 4.79257, 4.79845, 4.8044, 4.81041, 4.81649, 4.82265, 4.82887, 4.83517, 4.84154, 4.84798, 4.8545, 4.8611, 4.86777, 4.87452, 4.88135, 4.88827, 4.89526, 4.90234, 4.90951, 4.91676, 4.9241, 4.93153, 4.93905, 4.94666, 4.95437, 4.96217, 4.97007, 4.97807, 4.98617, 4.99437, 5.00267, 5.01108, 5.0196, 5.02823, 5.03697, 5.04582, 5.05479, 5.06387, 5.07308, 5.0824, 5.09185, 5.10143, 5.11114, 5.12098, 5.13095, 5.14105, 5.1513, 5.16169, 5.17222, 5.1829, 5.19373, 5.20471, 5.21585, 5.22715, 5.23861, 5.25024, 5.26203, 5.274, 5.28615, 5.29848, 5.31099, 5.32369, 5.33658, 5.34967, 5.36296, 5.37645, 5.39016, 5.40408, 5.41822, 5.43259, 5.44718, 5.46202, 5.47709, 5.49241, 5.50799, 5.52382, 5.53992, 5.5563, 5.57295, 5.58989, 5.60712, 5.62466, 5.64251, 5.66067, 5.67916, 5.69799, 5.71717, 5.73669, 5.75658, 5.77685, 5.79751, 5.81856, 5.84001, 5.86189, 5.88421, 5.90697, 5.93019, 5.95389, 5.97807, 6.00277, 6.02798, 6.05374, 6.08005, 6.10694, 6.13443, 6.16253, 6.19127, 6.22068, 6.25077, 6.28157, 6.31311, 6.34542, 6.37852, 6.41245, 6.44724, 6.48293, 6.51954, 6.55713, 6.59573, 6.63538, 6.67614, 6.71805, 6.76117, 6.80554, 6.85124, 6.89832, 6.94686, 6.99693, 7.0486, 7.10196, 7.15711, 7.21414, 7.27315, 7.33427, 7.39762, 7.46333, 7.53155, 7.60244, 7.67618, 7.75297, 7.833, 7.91653, 8.0038, 8.0951, 8.19077, 8.29114, 8.39663, 8.50769, 8.62483, 8.74865, 8.8798, 9.01908, 9.16738, 9.32577, 9.4955, 9.67812, 9.87544, 10.0898, 10.324, 10.5819, 10.8681, 11.1888, 11.5516, 11.9655, 12.4406, 12.9858, 13.6062, 14.2984, 15.0446, 15.807, 16.5241, 17.1115, 17.4694, 17.4972, 17.113, 16.2739, 14.9908, 13.3326, 11.4175, 9.39306, 7.40968, 5.59596, 4.04089, 2.78707, 1.83446, 1.15145, 0.688807, 0.392503, 0.212959, 0.109976, 0.0540394, 0.0252584, 0.0112267, 0.00474315, 0.0019032, 0.000723599, 0.000258819, 8.43021e-05, 2.04969e-05, 4.63161e-06, 1.39809e-06, 4.00569e-07, 1.08931e-07, 2.81168e-08, 6.88834e-09, 1.60177e-09, 3.53525e-10, 7.40587e-11, 1.47255e-11, 2.77905e-12, 4.97807e-13, 8.46373e-14, 1.36583e-14, 2.09204e-15, 3.04143e-16, 4.19683e-17, 5.49669e-18, 6.83309e-19, 8.06248e-20, 9.02933e-21, 9.59795e-22, 9.68361e-23, 9.27325e-24, 8.42873e-25, 7.27157e-26, 5.95429e-27, 4.62772e-28, 3.41382e-29, 2.39028e-30, 1.58852e-31, 1.00201e-32, 5.99914e-34, 3.40911e-35, 1.83877e-36, 9.41348e-38, 4.57413e-39, 2.10961e-40, 9.23487e-42, 3.83703e-43, 1.5132e-44, 5.66411e-46, 2.01235e-47, 6.78593e-49, 2.17196e-50, 6.59825e-52, 1.90258e-53, 5.20703e-55, 1.35261e-56, 3.33498e-58, 7.80454e-60, 1.73355e-61, 3.65479e-63, 7.31346e-65, 1.38905e-66, 2.50409e-68
148.84
145.43
 
MEASUREMENT 7
1.55269, 4.65806, 7.76344, 10.8688, 13.9742, 17.0796, 20.1849, 23.2903, 26.3957, 29.5011, 32.6116, 35.7273, 38.8327, 41.9485, 45.0642, 48.1799, 51.2957, 54.4114, 57.5323, 60.6481, 63.7638, 66.8796, 69.9849, 73.0913, 76.1925, 79.303, 82.4239, 85.5397, 88.6606, 91.7763, 94.8921, 98.0078, 101.095, 104.143, 107.191, 110.239, 113.286, 116.334, 119.382, 122.43, 125.478, 128.526, 131.574, 134.622, 137.67, 140.718, 143.766, 146.814, 149.861, 152.909, 155.957, 159.005, 162.053, 165.101, 168.144, 171.192, 174.24, 177.288, 180.336, 183.384, 186.431, 189.479, 192.527, 195.575
4.49552, 4.56197, 4.53811, 4.75368, 4.51063, 4.67882, 4.69118, 4.9358, 4.89155, 4.94571, 5.06591, 5.18184, 5.43553, 5.17488, 5.64765, 5.3902, 5.7533, 5.52817, 5.87988, 5.69209, 5.92857, 5.78046, 6.11455, 5.58781, 6.28005, 6.33945, 6.42476, 6.32404, 6.64687, 6.75829, 6.92878, 7.05024, 6.58047, 7.19084, 7.00429, 7.18551, 7.29757, 7.55178, 7.75922, 7.99041, 8.36446, 8.49877, 9.2427, 9.81609, 10.3773, 11.6721, 13.9604, 16.0463, 11.686, 3.01422, 0.182794, 0.0337502, 0.0209092, 0.0167675, 0.0142993, 0.0144997, 0.0112246, 0.0113677, 0.0111828, 0.0139328, 0.0113755, 0.0132997, 0.0153295, 0.0143318
0.134866, 0.136859, 0.136143, 0.14261, 0.135319, 0.140365, 0.140735, 0.148074, 0.146747, 0.148371, 0.151977, 0.155455, 0.163066, 0.155246, 0.169429, 0.161706, 0.172599, 0.165845, 0.176397, 0.170763, 0.177857, 0.173414, 0.183437, 0.167634, 0.188402, 0.190183, 0.192743, 0.189721, 0.199406, 0.202749, 0.207864, 0.211507, 0.197414, 0.215725, 0.210129, 0.215565, 0.218927, 0.226553, 0.232776, 0.239712, 0.250934, 0.254963, 0.277281, 0.294483, 0.311319, 0.350164, 0.418811, 0.48139, 0.350581, 0.0904265, 0.00548381, 0.00101251, 0.000627277, 0.000503024, 0.000428979, 0.000434992, 0.000336739, 0.000341032, 0.000335484, 0.000417983, 0.000341265, 0.000398991, 0.000459885, 0.000429955
0, 0.615951, 1.2319, 1.84785, 2.4638, 3.07975, 3.6957, 4.31165, 4.9276, 5.54356, 6.15951, 6.77546, 7.39141, 8.00736, 8.62331, 9.23926, 9.85521, 10.4712, 11.0871, 11.7031, 12.319, 12.935, 13.5509, 14.1669, 14.7828, 15.3988, 16.0147, 16.6307, 17.2466, 17.8626, 18.4785, 19.0945, 19.7104, 20.3264, 20.9423, 21.5583, 22.1742, 22.7902, 23.4061, 24.0221, 24.638, 25.254, 25.8699, 26.4859, 27.1018, 27.7178, 28.3337, 28.9497, 29.5656, 30.1816, 30.7975, 31.4135, 32.0294, 32.6454, 33.2613, 33.8773, 34.4932, 35.1092, 35.7251, 36.3411, 36.957, 37.573, 38.1889, 38.8049, 39.4208, 40.0368, 40.6527, 41.2687, 41.8846, 42.5006, 43.1165, 43.7325, 44.3484, 44.9644, 45.5803, 46.1963, 46.8122, 47.4282, 48.0441, 48.6601, 49.276, 49.892, 50.5079, 51.1239, 51.7399, 52.3558, 52.9718, 53.5877, 54.2037, 54.8196, 55.4356, 56.0515, 56.6675, 57.2834, 57.8994, 58.5153, 59.1313, 59.7472, 60.3632, 60.9791, 61.5951, 62.211, 62.827, 63.4429, 64.0589, 64.6748, 65.2908, 65.9067, 66.5227, 67.1386, 67.7546, 68.3705, 68.9865, 69.6024, 70.2184, 70.8343, 71.4503, 72.0662, 72.6822, 73.2981, 73.9141, 74.53, 75.146, 75.7619, 76.3779, 76.9938, 77.6098, 78.2257, 78.8417, 79.4576, 80.0736, 80.6895, 81.3055, 81.9214, 82.5374, 83.1533, 83.7693, 84.3852, 85.0012, 85.6171, 86.2331, 86.849, 87.465, 88.0809, 88.6969, 89.3128, 89.9288, 90.5447, 91.1607, 91.7766, 92.3926, 93.0085, 93.6245, 94.2404, 94.8564, 95.4723, 96.0883, 96.7042, 97.3202, 97.9361, 98.5521, 99.168, 99.784, 100.4, 101.016, 101.632, 102.248, 102.864, 103.48, 104.096, 104.712, 105.328, 105.944, 106.559, 107.175, 107.791, 108.407, 109.023, 109.639, 110.255, 110.871, 111.487, 112.103, 112.719, 113.335, 113.951, 114.567, 115.183, 115.799, 116.415, 117.031, 117.647, 118.263, 118.878, 119.494, 120.11, 120.726, 121.342, 121.958, 122.574, 123.19, 123.806, 124.422, 125.038, 125.654, 126.27, 126.886, 127.502, 128.118, 128.734, 129.35, 129.966, 130.582, 131.197, 131.813, 132.429, 133.045, 133.661, 134.277, 134.893, 135.509, 136.125, 136.741, 137.357, 137.973, 138.589, 139.205, 139.821, 140.437, 141.053, 141.669, 142.285, 142.901, 143.516, 144.132, 144.748, 145.364, 145.98, 146.596, 147.212, 147.828, 148.444, 149.06, 149.676, 150.292, 150.908, 151.524, 152.14, 152.756, 153.372, 153.988, 154.604, 155.22, 155.836, 156.451, 157.067, 157.683, 158.299, 158.915, 159.531, 160.147, 160.763, 161.379, 161.995, 162.611, 163.227, 163.843, 164.459, 165.075, 165.691, 166.307, 166.923, 167.539, 168.155, 168.77, 169.386, 170.002, 170.618, 171.234, 171.85, 172.466, 173.082, 173.698, 174.314, 174.93, 175.546, 176.162, 176.778, 177.394, 178.01, 178.626, 179.242, 179.858, 180.474, 181.089, 181.705, 182.321, 182.937, 183.553, 184.169, 184.785, 185.401, 186.017, 186.633, 187.249, 187.865, 188.481, 189.097, 189.713, 190.329, 190.945, 191.561, 192.177, 192.793, 193.408, 194.024, 194.64, 195.256, 195.872, 196.488
4.52371, 4.52669, 4.5297, 4.53274, 4.53582, 4.53892, 4.54206, 4.54522, 4.54842, 4.55165, 4.55492, 4.55821, 4.56154, 4.5649, 4.5683, 4.57173, 4.5752, 4.5787, 4.58224, 4.58581, 4.58942, 4.59306, 4.59675, 4.60047, 4.60423, 4.60802, 4.61186, 4.61574, 4.61965, 4.62361, 4.62761, 4.63165, 4.63573, 4.63985, 4.64402, 4.64823, 4.65248, 4.65678, 4.66113, 4.66552, 4.66995, 4.67444, 4.67897, 4.68355, 4.68818, 4.69285, 4.69758, 4.70236, 4.70719, 4.71207, 4.71701, 4.722, 4.72704, 4.73214, 4.73729, 4.7425, 4.74777, 4.7531, 4.75848, 4.76393, 4.76943, 4.775, 4.78063, 4.78632, 4.79207, 4.7979, 4.80378, 4.80974, 4.81576, 4.82185, 4.82801, 4.83424, 4.84055, 4.84692, 4.85337, 4.8599, 4.8665, 4.87318, 4.87994, 4.88678, 4.8937, 4.90071, 4.9078, 4.91497, 4.92223, 4.92958, 4.93702, 4.94454, 4.95217, 4.95988, 4.96769, 4.9756, 4.98361, 4.99172, 4.99993, 5.00824, 5.01666, 5.02519, 5.03382, 5.04257, 5.05144, 5.06041, 5.06951, 5.07872, 5.08806, 5.09752, 5.10711, 5.11683, 5.12668, 5.13666, 5.14678, 5.15704, 5.16744, 5.17798, 5.18867, 5.19951, 5.21051, 5.22166, 5.23297, 5.24445, 5.25609, 5.2679, 5.27988, 5.29204, 5.30438, 5.31691, 5.32962, 5.34253, 5.35563, 5.36894, 5.38245, 5.39617, 5.41011, 5.42426, 5.43865, 5.45326, 5.46811, 5.4832, 5.49854, 5.51413, 5.52999, 5.54611, 5.5625, 5.57917, 5.59613, 5.61339, 5.63094, 5.64881, 5.667, 5.68551, 5.70436, 5.72355, 5.7431, 5.76302, 5.78331, 5.80399, 5.82506, 5.84654, 5.86845, 5.89079, 5.91358, 5.93682, 5.96055, 5.98476, 6.00948, 6.03473, 6.06052, 6.08686, 6.11378, 6.1413, 6.16944, 6.19821, 6.22765, 6.25778, 6.28862, 6.32019, 6.35254, 6.38568, 6.41965, 6.45448, 6.49021, 6.52686, 6.56449, 6.60314, 6.64284, 6.68365, 6.7256, 6.76877, 6.8132, 6.85895, 6.90609, 6.95468, 7.00481, 7.05654, 7.10997, 7.16518, 7.22228, 7.28136, 7.34255, 7.40598, 7.47177, 7.54007, 7.61105, 7.68488, 7.76175, 7.84188, 7.92551, 8.01288, 8.1043, 8.20008, 8.30057, 8.40619, 8.51732, 8.63461, 8.75857, 8.88989, 9.02934, 9.17782, 9.3364, 9.50634, 9.68918, 9.88674, 10.1013, 10.3359, 10.594, 10.8806, 11.2017, 11.5649, 11.9794, 12.4551, 13.001, 13.6223, 14.3157, 15.0633, 15.8274, 16.5463, 17.1355, 17.4948, 17.523, 17.1376, 16.2946, 15.0027, 13.3286, 11.4166, 9.39385, 7.41126, 5.59765, 4.04232, 2.78811, 1.83512, 1.15182, 0.688973, 0.392557, 0.21296, 0.109959, 0.0540212, 0.0252446, 0.0112179, 0.00473817, 0.00190064, 0.000722405, 0.000258165, 8.40867e-05, 2.04015e-05, 4.62911e-06, 1.39372e-06, 3.99126e-07, 1.08485e-07, 2.7987e-08, 6.85281e-09, 1.5926e-09, 3.51294e-10, 7.35461e-11, 1.46142e-11, 2.75623e-12, 4.93381e-13, 8.38253e-14, 1.35174e-14, 2.06889e-15, 3.00543e-16, 4.14383e-17, 5.42279e-18, 6.7355e-19, 7.94039e-20, 8.88464e-21, 9.43546e-22, 9.5107e-23, 9.09886e-24, 8.26204e-25, 7.12054e-26, 5.82457e-27, 4.52211e-28, 3.33229e-29, 2.33062e-30, 1.54712e-31, 9.74772e-33, 5.82918e-34, 3.30854e-35, 1.78235e-36, 9.11323e-38, 4.4226e-39, 2.03708e-40, 8.90565e-42, 3.69528e-43, 1.45531e-44, 5.43985e-46, 1.92994e-47, 6.49872e-49, 2.077e-50, 6.30042e-52, 1.81396e-53, 4.95693e-55, 1.28565e-56, 3.16487e-58, 7.39462e-60, 1.63984e-61, 3.45152e-63, 6.89517e-65, 1.30739e-66, 2.35283e-68
4.52371, 4.52669, 4.5297, 4.53274, 4.53582, 4.53892, 4.54206, 4.54522, 4.54842, 4.55165, 4.55491, 4.55821, 4.56154, 4.5649, 4.5683, 4.57173, 4.5752, 4.5787, 4.58223, 4.58581, 4.58941, 4.59306, 4.59674, 4.60046, 4.60422, 4.60802, 4.61186, 4.61573, 4.61965, 4.6236, 4.6276, 4.63164, 4.63572, 4.63985, 4.64401, 4.64822, 4.65248, 4.65678, 4.66112, 4.66551, 4.66995, 4.67443, 4.67896, 4.68354, 4.68817, 4.69285, 4.69757, 4.70235, 4.70718, 4.71207, 4.717, 4.72199, 4.72703, 4.73213, 4.73728, 4.74249, 4.74776, 4.75309, 4.75847, 4.76392, 4.76942, 4.77499, 4.78061, 4.78631, 4.79206, 4.79788, 4.80377, 4.80972, 4.81575, 4.82184, 4.828, 4.83423, 4.84053, 4.84691, 4.85336, 4.85988, 4.86649, 4.87317, 4.87993, 4.88677, 4.89369, 4.90069, 4.90778, 4.91495, 4.92221, 4.92956, 4.937, 4.94453, 4.95215, 4.95986, 4.96767, 4.97558, 4.98359, 4.99169, 4.9999, 5.00822, 5.01664, 5.02516, 5.0338, 5.04255, 5.05141, 5.06039, 5.06948, 5.0787, 5.08803, 5.0975, 5.10708, 5.1168, 5.12665, 5.13663, 5.14675, 5.15701, 5.16741, 5.17795, 5.18864, 5.19948, 5.21048, 5.22163, 5.23294, 5.24441, 5.25605, 5.26786, 5.27984, 5.292, 5.30434, 5.31687, 5.32958, 5.34249, 5.35559, 5.36889, 5.3824, 5.39612, 5.41006, 5.42422, 5.4386, 5.45321, 5.46806, 5.48315, 5.49849, 5.51408, 5.52993, 5.54605, 5.56244, 5.57911, 5.59607, 5.61332, 5.63088, 5.64875, 5.66693, 5.68544, 5.70429, 5.72348, 5.74303, 5.76295, 5.78324, 5.80391, 5.82498, 5.84647, 5.86837, 5.89071, 5.91349, 5.93674, 5.96046, 5.98467, 6.00939, 6.03464, 6.06042, 6.08676, 6.11368, 6.14119, 6.16933, 6.1981, 6.22754, 6.25766, 6.2885, 6.32007, 6.35241, 6.38555, 6.41952, 6.45434, 6.49007, 6.52672, 6.56435, 6.60299, 6.64268, 6.68349, 6.72544, 6.7686, 6.81302, 6.85877, 6.9059, 6.95449, 7.00461, 7.05633, 7.10975, 7.16496, 7.22205, 7.28113, 7.34231, 7.40572, 7.4715, 7.53979, 7.61076, 7.68458, 7.76144, 7.84156, 7.92517, 8.01253, 8.10392, 8.19968, 8.30016, 8.40576, 8.51693, 8.63419, 8.75812, 8.88941, 9.02882, 9.17727, 9.33581, 9.5057, 9.68849, 9.88599, 10.1005, 10.335, 10.593, 10.8795, 11.2004, 11.5635, 11.9778, 12.4533, 12.9989, 13.6199, 14.3128, 15.0599, 15.8235, 16.5419, 17.1307, 17.4899, 17.5187, 17.135, 16.2957, 15.0116, 13.3516, 11.434, 9.40671, 7.42038, 5.60388, 4.04642, 2.7907, 1.83669, 1.15273, 0.689478, 0.392825, 0.213096, 0.110025, 0.0540517, 0.025258, 0.0112235, 0.00474043, 0.00190151, 0.000722704, 0.000258392, 8.41107e-05, 2.03972e-05, 4.61953e-06, 1.39382e-06, 3.99154e-07, 1.08493e-07, 2.7989e-08, 6.85328e-09, 1.59271e-09, 3.51318e-10, 7.35511e-11, 1.46152e-11, 2.75642e-12, 4.93415e-13, 8.38309e-14, 1.35183e-14, 2.06903e-15, 3.00563e-16, 4.14411e-17, 5.42315e-18, 6.73594e-19, 7.94091e-20, 8.88522e-21, 9.43608e-22, 9.51132e-23, 9.09945e-24, 8.26257e-25, 7.121e-26, 5.82495e-27, 4.5224e-28, 3.33251e-29, 2.33077e-30, 1.54722e-31, 9.74834e-33, 5.82955e-34, 3.30875e-35, 1.78246e-36, 9.1138e-38, 4.42288e-39, 2.03721e-40, 8.9062e-42, 3.69551e-43, 1.4554e-44, 5.44019e-46, 1.93006e-47, 6.49912e-49, 2.07713e-50, 6.30081e-52, 1.81407e-53, 4.95723e-55, 1.28572e-56, 3.16506e-58, 7.39506e-60, 1.63993e-61, 3.45172e-63, 6.89558e-65, 1.30747e-66, 2.35297e-68
148.84
145.43
 
MEASUREMENT 8
1.55269, 4.65806, 7.76344, 10.8688, 13.9742, 17.0796, 20.1849, 23.2903, 26.3957, 29.5011, 32.6116, 35.7273, 38.8327, 41.9485, 45.0642, 48.1799, 51.2957, 54.4114, 57.5323, 60.6481, 63.7638, 66.8796, 69.9849, 73.0913, 76.1925, 79.303, 82.4239, 85.5397, 88.6606, 91.7763, 94.8921, 98.0078, 101.095, 104.143, 107.191, 110.239, 113.286, 116.334, 119.382, 122.43, 125.478, 128.526, 131.574, 134.622, 137.67, 140.718, 143.766, 146.814, 149.861, 152.909, 155.957, 159.005, 162.053, 165.101, 168.144, 171.192, 174.24, 177.288, 180.336, 183.384, 186.431, 189.479, 192.527, 195.575
4.49636, 4.56355, 4.53966, 4.7556, 4.51265, 4.68087, 4.69354, 4.93806, 4.89341, 4.94832, 5.06919, 5.18481, 5.43902, 5.17784, 5.65197, 5.39385, 5.75749, 5.53213, 5.88421, 5.69802, 5.93168, 5.7838, 6.11885, 5.59235, 6.28456, 6.34367, 6.42905, 6.32972, 6.65204, 6.76297, 6.93481, 7.05354, 6.585, 7.19604, 7.00924, 7.19158, 7.30393, 7.55804, 7.76534, 7.99652, 8.37185, 8.50566, 9.25144, 9.82493, 10.3875, 11.6849, 13.975, 16.0676, 11.6965, 3.01448, 0.182692, 0.0336235, 0.0207552, 0.0166703, 0.0142257, 0.0145156, 0.0112378, 0.0113544, 0.0110788, 0.013876, 0.0113616, 0.0132296, 0.015225, 0.0143752
0.134891, 0.136906, 0.13619, 0.142668, 0.13538, 0.140426, 0.140806, 0.148142, 0.146802, 0.14845, 0.152076, 0.155544, 0.163171, 0.155335, 0.169559, 0.161815, 0.172725, 0.165964, 0.176526, 0.170941, 0.17795, 0.173514, 0.183566, 0.16777, 0.188537, 0.19031, 0.192872, 0.189891, 0.199561, 0.202889, 0.208044, 0.211606, 0.19755, 0.215881, 0.210277, 0.215747, 0.219118, 0.226741, 0.23296, 0.239896, 0.251155, 0.25517, 0.277543, 0.294748, 0.311624, 0.350548, 0.419249, 0.482028, 0.350895, 0.0904343, 0.00548075, 0.00100871, 0.000622657, 0.000500108, 0.00042677, 0.000435468, 0.000337133, 0.000340631, 0.000332363, 0.00041628, 0.000340849, 0.000396888, 0.000456749, 0.000431255
0, 0.615951, 1.2319, 1.84785, 2.4638, 3.07975, 3.6957, 4.31165, 4.9276, 5.54356, 6.15951, 6.77546, 7.39141, 8.00736, 8.62331, 9.23926, 9.85521, 10.4712, 11.0871, 11.7031, 12.319, 12.935, 13.5509, 14.1669, 14.7828, 15.3988, 16.0147, 16.6307, 17.2466, 17.8626, 18.4785, 19.0945, 19.7104, 20.3264, 20.9423, 21.5583, 22.1742, 22.7902, 23.4061, 24.0221, 24.638, 25.254, 25.8699, 26.4859, 27.1018, 27.7178, 28.3337, 28.9497, 29.5656, 30.1816, 30.7975, 31.4135, 32.0294, 32.6454, 33.2613, 33.8773, 34.4932, 35.1092, 35.7251, 36.3411, 36.957, 37.573, 38.1889, 38.8049, 39.4208, 40.0368, 40.6527, 41.2687, 41.8846, 42.5006, 43.1165, 43.7325, 44.3484, 44.9644, 45.5803, 46.1963, 46.8122, 47.4282, 48.0441, 48.6601, 49.276, 49.892, 50.5079, 51.1239, 51.7399, 52.3558, 52.9718, 53.5877, 54.2037, 54.8196, 55.4356, 56.0515, 56.6675, 57.2834, 57.8994, 58.5153, 59.1313, 59.7472, 60.3632, 60.9791, 61.5951, 62.211, 62.827, 63.4429, 64.0589, 64.6748, 65.2908, 65.9067, 66.5227, 67.1386, 67.7546, 68.3705, 68.9865, 69.6024, 70.2184, 70.8343, 71.4503, 72.0662, 72.6822, 73.2981, 73.9141, 74.53, 75.146, 75.7619, 76.3779, 76.9938, 77.6098, 78.2257, 78.8417, 79.4576, 80.0736, 80.6895, 81.3055, 81.9214, 82.5374, 83.1533, 83.7693, 84.3852, 85.0012, 85.6171, 86.2331, 86.849, 87.465, 88.0809, 88.6969, 89.3128, 89.9288, 90.5447, 91.1607, 91.7766, 92.3926, 93.0085, 93.6245, 94.2404, 94.8564, 95.4723, 96.0883, 96.7042, 97.3202, 97.9361, 98.5521, 99.168, 99.784, 100.4, 101.016, 101.632, 102.248, 102.864, 103.48, 104.096, 104.712, 105.328, 105.944, 106.559, 107.175, 107.791, 108.407, 109.023, 109.639, 110.255, 110.871, 111.487, 112.103, 112.719, 113.335, 113.951, 114.567, 115.183, 115.799, 116.415, 117.031, 117.647, 118.263, 118.878, 119.494, 120.11, 120.726, 121.342, 121.958, 122.574, 123.19, 123.806, 124.422, 125.038, 125.654, 126.27, 126.886, 127.502, 128.118, 128.734, 129.35, 129.966, 130.582, 131.197, 131.813, 132.429, 133.045, 133.661, 134.277, 134.893, 135.509, 136.125, 136.741, 137.357, 137.973, 138.589, 139.205, 139.821, 140.437, 141.053, 141.669, 142.285, 142.901, 143.516, 144.132, 144.748, 145.364, 145.98, 146.596, 147.212, 147.828, 148.444, 149.06, 149.676, 150.292, 150.908, 151.524, 152.14, 152.756, 153.372, 153.988, 154.604, 155.22, 155.836, 156.451, 157.067, 157.683, 158.299, 158.915, 159.531, 160.147, 160.763, 161.379, 161.995, 162.611, 163.227, 163.843, 164.459, 165.075, 165.691, 166.307, 166.923, 167.539, 168.155, 168.77, 169.386, 170.002, 170.618, 171.234, 171.85, 172.466, 173.082, 173.698, 174.314, 174.93, 175.546, 176.162, 176.778, 177.394, 178.01, 178.626, 179.242, 179.858, 180.474, 181.089, 181.705, 182.321, 182.937, 183.553, 184.169, 184.785, 185.401, 186.017, 186.633, 187.249, 187.865, 188.481, 189.097, 189.713, 190.329, 190.945, 191.561, 192.177, 192.793, 193.408, 194.024, 194.64, 195.256, 195.872, 196.488
0, 0, 0, 0, 0, 0, 0, 0, 0, 0, 0, 0, 0, 0, 0, 0, 0, 0, 0, 0, 0, 0, 0, 0, 0, 0, 0, 0, 0, 0, 0, 0, 0, 0, 0, 0, 0, 0, 0, 0, 0, 0, 0, 0, 0, 0, 0, 0, 0, 0, 0, 0, 0, 0, 0, 0, 0, 0, 0, 0, 0, 0, 0, 0, 0, 0, 0, 0, 0, 0, 0, 0, 0, 0, 0, 0, 0, 0, 0, 0, 0, 0, 0, 0, 0, 0, 0, 0, 0, 0, 0, 0, 0, 0, 0, 0, 0, 0, 0, 0, 0, 0, 0, 0, 0, 0, 0, 0, 0, 0, 0, 0, 0, 0, 0, 0, 0, 0, 0, 0, 0, 0, 0, 0, 0, 0, 0, 0, 0, 0, 0, 0, 0, 0, 0, 0, 0, 0, 0, 0, 0, 0, 0, 0, 0, 0, 0, 0, 0, 0, 0, 0, 0, 0, 0, 0, 0, 0, 0, 0, 0, 0, 0, 0, 0, 0, 0, 0, 0, 0, 0, 0, 0, 0, 0, 0, 0, 0, 0, 0, 0, 0, 0, 0, 0, 0, 0, 0, 0, 0, 0, 0, 0, 0, 0, 0, 0, 0, 0, 0, 0, 0, 0, 0, 0, 0, 0, 0, 0, 0, 0, 0, 0, 0, 0, 0, 0, 0, 0, 0, 0, 0, 0, 0, 0, 0, 0, 0, 0, 0, 0, 0, 0, 0, 0, 0, 0, 0, 0, 0, 0, 0, 0, 0, 0, 0, 0, 0, 0, 0, 0, 0, 0, 0, 0, 0, 0, 0, 0, 0, 0, 0, 0, 0, 0, 0, 0, 0, 0, 0, 0, 0, 0, 0, 0, 0, 0, 0, 0, 0, 0, 0, 0, 0, 0, 0, 0, 0, 0, 0, 0, 0, 0, 0, 0, 0, 0, 0, 0, 0, 0, 0, 0, 0, 0, 0, 0, 0, 0, 0, 0, 0, 0, 0, 0, 0, 0, 0, 0, 0
0, 0, 0, 0, 0, 0, 0, 0, 0, 0, 0, 0, 0, 0, 0, 0, 0, 0, 0, 0, 0, 0, 0, 0, 0, 0, 0, 0, 0, 0, 0, 0, 0, 0, 0, 0, 0, 0, 0, 0, 0, 0, 0, 0, 0, 0, 0, 0, 0, 0, 0, 0, 0, 0, 0, 0, 0, 0, 0, 0, 0, 0, 0, 0, 0, 0, 0, 0, 0, 0, 0, 0, 0, 0, 0, 0, 0, 0, 0, 0, 0, 0, 0, 0, 0, 0, 0, 0, 0, 0, 0, 0, 0, 0, 0, 0, 0, 0, 0, 0, 0, 0, 0, 0, 0, 0, 0, 0, 0, 0, 0, 0, 0, 0, 0, 0, 0, 0, 0, 0, 0, 0, 0, 0, 0, 0, 0, 0, 0, 0, 0, 0, 0, 0, 0, 0, 0, 0, 0, 0, 0, 0, 0, 0, 0, 0, 0, 0, 0, 0, 0, 0, 0, 0, 0, 0, 0, 0, 0, 0, 0, 0, 0, 0, 0, 0, 0, 0, 0, 0, 0, 0, 0, 0, 0, 0, 0, 0, 0, 0, 0, 0, 0, 0, 0, 0, 0, 0, 0, 0, 0, 0, 0, 0, 0, 0, 0, 0, 0, 0, 0, 0, 0, 0, 0, 0, 0, 0, 0, 0, 0, 0, 0, 0, 0, 0, 0, 0, 0, 0, 0, 0, 0, 0, 0, 0, 0, 0, 0, 0, 0, 0, 0, 0, 0, 0, 0, 0, 0, 0, 0, 0, 0, 0, 0, 0, 0, 0, 0, 0, 0, 0, 0, 0, 0, 0, 0, 0, 0, 0, 0, 0, 0, 0, 0, 0, 0, 0, 0, 0, 0, 0, 0, 0, 0, 0, 0, 0, 0, 0, 0, 0, 0, 0, 0, 0, 0, 0, 0, 0, 0, 0, 0, 0, 0, 0, 0, 0, 0, 0, 0, 0, 0, 0, 0, 0, 0, 0, 0, 0, 0, 0, 0, 0, 0, 0, 0, 0, 0, 0
-
-
 
MEASUREMENT 9
1.55269, 4.65806, 7.76344, 10.8688, 13.9742, 17.0796, 20.1849, 23.2903, 26.3957, 29.5011, 32.6116, 35.7273, 38.8327, 41.9485, 45.0642, 48.1799, 51.2957, 54.4114, 57.5323, 60.6481, 63.7638, 66.8796, 69.9849, 73.0913, 76.1925, 79.303, 82.4239, 85.5397, 88.6606, 91.7763, 94.8921, 98.0078, 101.095, 104.143, 107.191, 110.239, 113.286, 116.334, 119.382, 122.43, 125.478, 128.526, 131.574, 134.622, 137.67, 140.718, 143.766, 146.814, 149.861, 152.909, 155.957, 159.005, 162.053, 165.101, 168.144, 171.192, 174.24, 177.288, 180.336, 183.384, 186.431, 189.479, 192.527, 195.575
4.49849, 4.56505, 4.54137, 4.75699, 4.51367, 4.68225, 4.69522, 4.93982, 4.89603, 4.94913, 5.07233, 5.18664, 5.4413, 5.17972, 5.6552, 5.39619, 5.76026, 5.53428, 5.88775, 5.70122, 5.93385, 5.78611, 6.12217, 5.5923, 6.28816, 6.34672, 6.43227, 6.33411, 6.65645, 6.76664, 6.93947, 7.05554, 6.58784, 7.19997, 7.01315, 7.19662, 7.30842, 7.56276, 7.77017, 8.00139, 8.37827, 8.51255, 9.25839, 9.83226, 10.3977, 11.6958, 13.9869, 16.0858, 11.7086, 3.01651, 0.182845, 0.0338122, 0.020452, 0.0167949, 0.0141843, 0.0145545, 0.011322, 0.011439, 0.0111562, 0.0139314, 0.0113773, 0.0130854, 0.015337, 0.0143949
0.134955, 0.136951, 0.136241, 0.14271, 0.13541, 0.140467, 0.140857, 0.148195, 0.146881, 0.148474, 0.15217, 0.155599, 0.163239, 0.155392, 0.169656, 0.161886, 0.172808, 0.166028, 0.176633, 0.171036, 0.178016, 0.173583, 0.183665, 0.167769, 0.188645, 0.190402, 0.192968, 0.190023, 0.199693, 0.202999, 0.208184, 0.211666, 0.197635, 0.215999, 0.210394, 0.215899, 0.219253, 0.226883, 0.233105, 0.240042, 0.251348, 0.255377, 0.277752, 0.294968, 0.31193, 0.350874, 0.419606, 0.482575, 0.351258, 0.0904953, 0.00548535, 0.00101437, 0.000613559, 0.000503846, 0.000425528, 0.000436636, 0.000339659, 0.000343169, 0.000334685, 0.000417941, 0.000341318, 0.000392561, 0.00046011, 0.000431848
0, 0.615951, 1.2319, 1.84785, 2.4638, 3.07975, 3.6957, 4.31165, 4.9276, 5.54356, 6.15951, 6.77546, 7.39141, 8.00736, 8.62331, 9.23926, 9.85521, 10.4712, 11.0871, 11.7031, 12.319, 12.935, 13.5509, 14.1669, 14.7828, 15.3988, 16.0147, 16.6307, 17.2466, 17.8626, 18.4785, 19.0945, 19.7104, 20.3264, 20.9423, 21.5583, 22.1742, 22.7902, 23.4061, 24.0221, 24.638, 25.254, 25.8699, 26.4859, 27.1018, 27.7178, 28.3337, 28.9497, 29.5656, 30.1816, 30.7975, 31.4135, 32.0294, 32.6454, 33.2613, 33.8773, 34.4932, 35.1092, 35.7251, 36.3411, 36.957, 37.573, 38.1889, 38.8049, 39.4208, 40.0368, 40.6527, 41.2687, 41.8846, 42.5006, 43.1165, 43.7325, 44.3484, 44.9644, 45.5803, 46.1963, 46.8122, 47.4282, 48.0441, 48.6601, 49.276, 49.892, 50.5079, 51.1239, 51.7399, 52.3558, 52.9718, 53.5877, 54.2037, 54.8196, 55.4356, 56.0515, 56.6675, 57.2834, 57.8994, 58.5153, 59.1313, 59.7472, 60.3632, 60.9791, 61.5951, 62.211, 62.827, 63.4429, 64.0589, 64.6748, 65.2908, 65.9067, 66.5227, 67.1386, 67.7546, 68.3705, 68.9865, 69.6024, 70.2184, 70.8343, 71.4503, 72.0662, 72.6822, 73.2981, 73.9141, 74.53, 75.146, 75.7619, 76.3779, 76.9938, 77.6098, 78.2257, 78.8417, 79.4576, 80.0736, 80.6895, 81.3055, 81.9214, 82.5374, 83.1533, 83.7693, 84.3852, 85.0012, 85.6171, 86.2331, 86.849, 87.465, 88.0809, 88.6969, 89.3128, 89.9288, 90.5447, 91.1607, 91.7766, 92.3926, 93.0085, 93.6245, 94.2404, 94.8564, 95.4723, 96.0883, 96.7042, 97.3202, 97.9361, 98.5521, 99.168, 99.784, 100.4, 101.016, 101.632, 102.248, 102.864, 103.48, 104.096, 104.712, 105.328, 105.944, 106.559, 107.175, 107.791, 108.407, 109.023, 109.639, 110.255, 110.871, 111.487, 112.103, 112.719, 113.335, 113.951, 114.567, 115.183, 115.799, 116.415, 117.031, 117.647, 118.263, 118.878, 119.494, 120.11, 120.726, 121.342, 121.958, 122.574, 123.19, 123.806, 124.422, 125.038, 125.654, 126.27, 126.886, 127.502, 128.118, 128.734, 129.35, 129.966, 130.582, 131.197, 131.813, 132.429, 133.045, 133.661, 134.277, 134.893, 135.509, 136.125, 136.741, 137.357, 137.973, 138.589, 139.205, 139.821, 140.437, 141.053, 141.669, 142.285, 142.901, 143.516, 144.132, 144.748, 145.364, 145.98, 146.596, 147.212, 147.828, 148.444, 149.06, 149.676, 150.292, 150.908, 151.524, 152.14, 152.756, 153.372, 153.988, 154.604, 155.22, 155.836, 156.451, 157.067, 157.683, 158.299, 158.915, 159.531, 160.147, 160.763, 161.379, 161.995, 162.611, 163.227, 163.843, 164.459, 165.075, 165.691, 166.307, 166.923, 167.539, 168.155, 168.77, 169.386, 170.002, 170.618, 171.234, 171.85, 172.466, 173.082, 173.698, 174.314, 174.93, 175.546, 176.162, 176.778, 177.394, 178.01, 178.626, 179.242, 179.858, 180.474, 181.089, 181.705, 182.321, 182.937, 183.553, 184.169, 184.785, 185.401, 186.017, 186.633, 187.249, 187.865, 188.481, 189.097, 189.713, 190.329, 190.945, 191.561, 192.177, 192.793, 193.408, 194.024, 194.64, 195.256, 195.872, 196.488
4.53215, 4.53513, 4.53815, 4.5412, 4.54428, 4.54739, 4.55053, 4.5537, 4.55691, 4.56014, 4.56341, 4.56672, 4.57005, 4.57342, 4.57682, 4.58026, 4.58373, 4.58724, 4.59078, 4.59436, 4.59798, 4.60163, 4.60532, 4.60905, 4.61281, 4.61662, 4.62046, 4.62435, 4.62827, 4.63223, 4.63624, 4.64029, 4.64437, 4.64851, 4.65268, 4.6569, 4.66116, 4.66547, 4.66982, 4.67422, 4.67866, 4.68316, 4.6877, 4.69228, 4.69692, 4.70161, 4.70634, 4.71113, 4.71597, 4.72086, 4.72581, 4.7308, 4.73586, 4.74097, 4.74613, 4.75135, 4.75663, 4.76196, 4.76736, 4.77281, 4.77833, 4.7839, 4.78954, 4.79524, 4.80101, 4.80684, 4.81274, 4.81871, 4.82474, 4.83084, 4.83701, 4.84326, 4.84957, 4.85596, 4.86242, 4.86896, 4.87558, 4.88227, 4.88904, 4.8959, 4.90283, 4.90985, 4.91695, 4.92413, 4.93141, 4.93877, 4.94622, 4.95376, 4.9614, 4.96913, 4.97695, 4.98488, 4.9929, 5.00102, 5.00925, 5.01758, 5.02601, 5.03456, 5.04321, 5.05197, 5.06085, 5.06985, 5.07896, 5.08819, 5.09755, 5.10703, 5.11663, 5.12637, 5.13623, 5.14624, 5.15637, 5.16665, 5.17707, 5.18763, 5.19834, 5.20921, 5.22022, 5.23139, 5.24273, 5.25422, 5.26588, 5.27771, 5.28972, 5.3019, 5.31427, 5.32681, 5.33955, 5.35248, 5.36561, 5.37894, 5.39248, 5.40622, 5.42019, 5.43437, 5.44878, 5.46342, 5.4783, 5.49342, 5.50878, 5.5244, 5.54029, 5.55644, 5.57286, 5.58956, 5.60655, 5.62384, 5.64143, 5.65933, 5.67755, 5.6961, 5.71498, 5.73421, 5.7538, 5.77375, 5.79408, 5.81479, 5.8359, 5.85743, 5.87937, 5.90175, 5.92458, 5.94787, 5.97164, 5.9959, 6.02067, 6.04596, 6.07179, 6.09818, 6.12516, 6.15272, 6.18091, 6.20974, 6.23923, 6.26942, 6.30031, 6.33195, 6.36435, 6.39755, 6.43158, 6.46648, 6.50227, 6.539, 6.57669, 6.61541, 6.65518, 6.69606, 6.7381, 6.78134, 6.82585, 6.87169, 6.91891, 6.96759, 7.01781, 7.06964, 7.12316, 7.17847, 7.23567, 7.29487, 7.35617, 7.41971, 7.48561, 7.55404, 7.62515, 7.69911, 7.77612, 7.8564, 7.94017, 8.0277, 8.11928, 8.21523, 8.31591, 8.42171, 8.53304, 8.65054, 8.77472, 8.90627, 9.04596, 9.1947, 9.35355, 9.52379, 9.70694, 9.90484, 10.1198, 10.3547, 10.6133, 10.9003, 11.2219, 11.5857, 12.0008, 12.4772, 13.0241, 13.6465, 14.3411, 15.0904, 15.8563, 16.5773, 17.1684, 17.5294, 17.5586, 17.1733, 16.3293, 15.035, 13.3573, 11.441, 9.41353, 7.42624, 5.60839, 4.04953, 2.79262, 1.83772, 1.15318, 0.689604, 0.392797, 0.213019, 0.109949, 0.0539939, 0.0252207, 0.0112019, 0.00472897, 0.0018959, 0.000720158, 0.000257174, 8.36681e-05, 2.02054e-05, 4.60384e-06, 1.38505e-06, 3.96326e-07, 1.07634e-07, 2.77432e-08, 6.78693e-09, 1.5758e-09, 3.47246e-10, 7.26249e-11, 1.44159e-11, 2.71588e-12, 4.85611e-13, 8.24093e-14, 1.32732e-14, 2.029e-15, 2.94375e-16, 4.05348e-17, 5.29744e-18, 6.57074e-19, 7.73521e-20, 8.64252e-21, 9.1647e-22, 9.22372e-23, 8.81056e-24, 7.98751e-25, 6.87272e-26, 5.6125e-27, 4.35004e-28, 3.19993e-29, 2.23407e-30, 1.48035e-31, 9.30981e-33, 5.55683e-34, 3.14792e-35, 1.6925e-36, 8.63664e-38, 4.18283e-39, 1.92267e-40, 8.38783e-42, 3.473e-43, 1.3648e-44, 5.09028e-46, 1.80188e-47, 6.05366e-49, 1.93028e-50, 5.84161e-52, 1.67786e-53, 4.57389e-55, 1.18339e-56, 2.90587e-58, 6.77231e-60, 1.49798e-61, 3.14474e-63, 6.26575e-65, 1.18487e-66, 2.12656e-68
4.53215, 4.53513, 4.53815, 4.5412, 4.54428, 4.54739, 4.55053, 4.5537, 4.55691, 4.56014, 4.56341, 4.56671, 4.57005, 4.57342, 4.57682, 4.58026, 4.58373, 4.58724, 4.59078, 4.59436, 4.59798, 4.60163, 4.60532, 4.60905, 4.61281, 4.61662, 4.62046, 4.62434, 4.62827, 4.63223, 4.63623, 4.64028, 4.64437, 4.6485, 4.65268, 4.65689, 4.66116, 4.66546, 4.66981, 4.67421, 4.67866, 4.68315, 4.68769, 4.69228, 4.69691, 4.7016, 4.70634, 4.71112, 4.71596, 4.72085, 4.7258, 4.7308, 4.73585, 4.74096, 4.74612, 4.75134, 4.75662, 4.76195, 4.76735, 4.7728, 4.77832, 4.78389, 4.78953, 4.79523, 4.801, 4.80683, 4.81273, 4.81869, 4.82473, 4.83083, 4.837, 4.84324, 4.84956, 4.85595, 4.86241, 4.86895, 4.87556, 4.88226, 4.88903, 4.89588, 4.90281, 4.90983, 4.91693, 4.92412, 4.93139, 4.93875, 4.9462, 4.95374, 4.96138, 4.96911, 4.97693, 4.98486, 4.99288, 5.001, 5.00922, 5.01755, 5.02599, 5.03453, 5.04318, 5.05195, 5.06083, 5.06982, 5.07893, 5.08817, 5.09752, 5.107, 5.1166, 5.12634, 5.1362, 5.1462, 5.15634, 5.16662, 5.17704, 5.1876, 5.19831, 5.20917, 5.22019, 5.23136, 5.24269, 5.25418, 5.26585, 5.27768, 5.28968, 5.30186, 5.31423, 5.32677, 5.33951, 5.35244, 5.36557, 5.3789, 5.39243, 5.40618, 5.42014, 5.43432, 5.44873, 5.46337, 5.47825, 5.49336, 5.50873, 5.52435, 5.54023, 5.55638, 5.5728, 5.5895, 5.60649, 5.62378, 5.64137, 5.65927, 5.67748, 5.69603, 5.71491, 5.73414, 5.75373, 5.77368, 5.794, 5.81472, 5.83583, 5.85735, 5.87929, 5.90167, 5.9245, 5.94779, 5.97155, 5.99581, 6.02058, 6.04586, 6.0717, 6.09809, 6.12505, 6.15262, 6.18081, 6.20963, 6.23912, 6.2693, 6.30019, 6.33183, 6.36423, 6.39742, 6.43145, 6.46634, 6.50213, 6.53885, 6.57655, 6.61526, 6.65503, 6.6959, 6.73793, 6.78117, 6.82568, 6.87151, 6.91872, 6.9674, 7.01761, 7.06943, 7.12295, 7.17825, 7.23544, 7.29463, 7.35592, 7.41945, 7.48535, 7.55376, 7.62486, 7.69881, 7.77581, 7.85607, 7.93983, 8.02735, 8.11891, 8.21484, 8.31549, 8.42128, 8.53265, 8.65011, 8.77427, 8.90579, 9.04544, 9.19415, 9.35296, 9.52315, 9.70625, 9.90409, 10.119, 10.3538, 10.6123, 10.8992, 11.2207, 11.5843, 11.9993, 12.4755, 13.022, 13.644, 14.3383, 15.087, 15.8524, 16.5728, 17.1636, 17.5245, 17.5544, 17.1708, 16.3304, 15.0439, 13.3804, 11.4585, 9.42641, 7.43538, 5.61463, 4.05364, 2.79521, 1.83929, 1.15409, 0.690108, 0.393065, 0.213155, 0.110014, 0.0540244, 0.0252341, 0.0112075, 0.00473123, 0.00189676, 0.000720455, 0.0002574, 8.36919e-05, 2.02012e-05, 4.59431e-06, 1.38515e-06, 3.96353e-07, 1.07641e-07, 2.77451e-08, 6.78739e-09, 1.57591e-09, 3.4727e-10, 7.26298e-11, 1.44169e-11, 2.71606e-12, 4.85644e-13, 8.24148e-14, 1.3274e-14, 2.02914e-15, 2.94394e-16, 4.05375e-17, 5.29779e-18, 6.57117e-19, 7.73572e-20, 8.64308e-21, 9.1653e-22, 9.22432e-23, 8.81114e-24, 7.98803e-25, 6.87317e-26, 5.61286e-27, 4.35032e-28, 3.20014e-29, 2.23422e-30, 1.48044e-31, 9.3104e-33, 5.55718e-34, 3.14812e-35, 1.69261e-36, 8.63718e-38, 4.18309e-39, 1.92279e-40, 8.38836e-42, 3.47321e-43, 1.36488e-44, 5.0906e-46, 1.80199e-47, 6.05403e-49, 1.9304e-50, 5.84197e-52, 1.67796e-53, 4.57417e-55, 1.18346e-56, 2.90605e-58, 6.77271e-60, 1.49807e-61, 3.14493e-63, 6.26612e-65, 1.18494e-66, 2.12668e-68
148.84
145.43
 
MEASUREMENT 10
1.55269, 4.65806, 7.76344, 10.8688, 13.9742, 17.0796, 20.1849, 23.2903, 26.3957, 29.5011, 32.6116, 35.7273, 38.8327, 41.9485, 45.0642, 48.1799, 51.2957, 54.4114, 57.5323, 60.6481, 63.7638, 66.8796, 69.9849, 73.0913, 76.1925, 79.303, 82.4239, 85.5397, 88.6606, 91.7763, 94.8921, 98.0078, 101.095, 104.143, 107.191, 110.239, 113.286, 116.334, 119.382, 122.43, 125.478, 128.526, 131.574, 134.622, 137.67, 140.718, 143.766, 146.814, 149.861, 152.909, 155.957, 159.005, 162.053, 165.101, 168.144, 171.192, 174.24, 177.288, 180.336, 183.384, 186.431, 189.479, 192.527, 195.575
4.49774, 4.56528, 4.54146, 4.75711, 4.51363, 4.68296, 4.69543, 4.94015, 4.89552, 4.94932, 5.07358, 5.1874, 5.44187, 5.1806, 5.65662, 5.39671, 5.76184, 5.53539, 5.88942, 5.70317, 5.93448, 5.78793, 6.12328, 5.58928, 6.28977, 6.34841, 6.43425, 6.33651, 6.65858, 6.76858, 6.94225, 7.05541, 6.58955, 7.2022, 7.01491, 7.19933, 7.31132, 7.56464, 7.77228, 8.00412, 8.3821, 8.51728, 9.26271, 9.83661, 10.4028, 11.7037, 13.9943, 16.0992, 11.7151, 3.01626, 0.182816, 0.0335889, 0.0206532, 0.0167438, 0.0142971, 0.0146359, 0.0112974, 0.0116102, 0.0110724, 0.0137288, 0.0114753, 0.0134242, 0.0151777, 0.014406
0.134932, 0.136958, 0.136244, 0.142713, 0.135409, 0.140489, 0.140863, 0.148204, 0.146866, 0.14848, 0.152207, 0.155622, 0.163256, 0.155418, 0.169699, 0.161901, 0.172855, 0.166062, 0.176683, 0.171095, 0.178034, 0.173638, 0.183698, 0.167679, 0.188693, 0.190452, 0.193027, 0.190095, 0.199757, 0.203057, 0.208268, 0.211662, 0.197687, 0.216066, 0.210447, 0.21598, 0.21934, 0.226939, 0.233168, 0.240124, 0.251463, 0.255518, 0.277881, 0.295098, 0.312084, 0.351111, 0.419828, 0.482975, 0.351452, 0.0904877, 0.00548447, 0.00100767, 0.000619596, 0.000502315, 0.000428914, 0.000439078, 0.000338923, 0.000348306, 0.000332172, 0.000411863, 0.000344259, 0.000402727, 0.000455332, 0.00043218
0, 0.615951, 1.2319, 1.84785, 2.4638, 3.07975, 3.6957, 4.31165, 4.9276, 5.54356, 6.15951, 6.77546, 7.39141, 8.00736, 8.62331, 9.23926, 9.85521, 10.4712, 11.0871, 11.7031, 12.319, 12.935, 13.5509, 14.1669, 14.7828, 15.3988, 16.0147, 16.6307, 17.2466, 17.8626, 18.4785, 19.0945, 19.7104, 20.3264, 20.9423, 21.5583, 22.1742, 22.7902, 23.4061, 24.0221, 24.638, 25.254, 25.8699, 26.4859, 27.1018, 27.7178, 28.3337, 28.9497, 29.5656, 30.1816, 30.7975, 31.4135, 32.0294, 32.6454, 33.2613, 33.8773, 34.4932, 35.1092, 35.7251, 36.3411, 36.957, 37.573, 38.1889, 38.8049, 39.4208, 40.0368, 40.6527, 41.2687, 41.8846, 42.5006, 43.1165, 43.7325, 44.3484, 44.9644, 45.5803, 46.1963, 46.8122, 47.4282, 48.0441, 48.6601, 49.276, 49.892, 50.5079, 51.1239, 51.7399, 52.3558, 52.9718, 53.5877, 54.2037, 54.8196, 55.4356, 56.0515, 56.6675, 57.2834, 57.8994, 58.5153, 59.1313, 59.7472, 60.3632, 60.9791, 61.5951, 62.211, 62.827, 63.4429, 64.0589, 64.6748, 65.2908, 65.9067, 66.5227, 67.1386, 67.7546, 68.3705, 68.9865, 69.6024, 70.2184, 70.8343, 71.4503, 72.0662, 72.6822, 73.2981, 73.9141, 74.53, 75.146, 75.7619, 76.3779, 76.9938, 77.6098, 78.2257, 78.8417, 79.4576, 80.0736, 80.6895, 81.3055, 81.9214, 82.5374, 83.1533, 83.7693, 84.3852, 85.0012, 85.6171, 86.2331, 86.849, 87.465, 88.0809, 88.6969, 89.3128, 89.9288, 90.5447, 91.1607, 91.7766, 92.3926, 93.0085, 93.6245, 94.2404, 94.8564, 95.4723, 96.0883, 96.7042, 97.3202, 97.9361, 98.5521, 99.168, 99.784, 100.4, 101.016, 101.632, 102.248, 102.864, 103.48, 104.096, 104.712, 105.328, 105.944, 106.559, 107.175, 107.791, 108.407, 109.023, 109.639, 110.255, 110.871, 111.487, 112.103, 112.719, 113.335, 113.951, 114.567, 115.183, 115.799, 116.415, 117.031, 117.647, 118.263, 118.878, 119.494, 120.11, 120.726, 121.342, 121.958, 122.574, 123.19, 123.806, 124.422, 125.038, 125.654, 126.27, 126.886, 127.502, 128.118, 128.734, 129.35, 129.966, 130.582, 131.197, 131.813, 132.429, 133.045, 133.661, 134.277, 134.893, 135.509, 136.125, 136.741, 137.357, 137.973, 138.589, 139.205, 139.821, 140.437, 141.053, 141.669, 142.285, 142.901, 143.516, 144.132, 144.748, 145.364, 145.98, 146.596, 147.212, 147.828, 148.444, 149.06, 149.676, 150.292, 150.908, 151.524, 152.14, 152.756, 153.372, 153.988, 154.604, 155.22, 155.836, 156.451, 157.067, 157.683, 158.299, 158.915, 159.531, 160.147, 160.763, 161.379, 161.995, 162.611, 163.227, 163.843, 164.459, 165.075, 165.691, 166.307, 166.923, 167.539, 168.155, 168.77, 169.386, 170.002, 170.618, 171.234, 171.85, 172.466, 173.082, 173.698, 174.314, 174.93, 175.546, 176.162, 176.778, 177.394, 178.01, 178.626, 179.242, 179.858, 180.474, 181.089, 181.705, 182.321, 182.937, 183.553, 184.169, 184.785, 185.401, 186.017, 186.633, 187.249, 187.865, 188.481, 189.097, 189.713, 190.329, 190.945, 191.561, 192.177, 192.793, 193.408, 194.024, 194.64, 195.256, 195.872, 196.488
4.53457, 4.53756, 4.54058, 4.54363, 4.54671, 4.54982, 4.55296, 4.55614, 4.55935, 4.56258, 4.56585, 4.56916, 4.57249, 4.57587, 4.57927, 4.58271, 4.58618, 4.58969, 4.59324, 4.59682, 4.60044, 4.60409, 4.60778, 4.61151, 4.61528, 4.61909, 4.62293, 4.62682, 4.63074, 4.63471, 4.63872, 4.64277, 4.64686, 4.65099, 4.65517, 4.65939, 4.66365, 4.66796, 4.67232, 4.67672, 4.68117, 4.68566, 4.6902, 4.69479, 4.69943, 4.70412, 4.70886, 4.71365, 4.71849, 4.72339, 4.72833, 4.73333, 4.73839, 4.7435, 4.74867, 4.75389, 4.75917, 4.76451, 4.7699, 4.77536, 4.78088, 4.78646, 4.7921, 4.79781, 4.80358, 4.80941, 4.81531, 4.82128, 4.82732, 4.83342, 4.8396, 4.84585, 4.85216, 4.85856, 4.86502, 4.87156, 4.87818, 4.88488, 4.89166, 4.89851, 4.90545, 4.91247, 4.91958, 4.92677, 4.93404, 4.94141, 4.94886, 4.95641, 4.96405, 4.97178, 4.97961, 4.98754, 4.99557, 5.00369, 5.01192, 5.02026, 5.0287, 5.03725, 5.0459, 5.05467, 5.06356, 5.07256, 5.08167, 5.09091, 5.10027, 5.10975, 5.11936, 5.12911, 5.13898, 5.14898, 5.15913, 5.16941, 5.17983, 5.1904, 5.20112, 5.21199, 5.22301, 5.23419, 5.24552, 5.25703, 5.26869, 5.28053, 5.29254, 5.30473, 5.3171, 5.32966, 5.3424, 5.35534, 5.36847, 5.38181, 5.39535, 5.40911, 5.42308, 5.43727, 5.45169, 5.46633, 5.48122, 5.49635, 5.51172, 5.52735, 5.54324, 5.5594, 5.57583, 5.59254, 5.60954, 5.62684, 5.64444, 5.66235, 5.68058, 5.69913, 5.71803, 5.73727, 5.75686, 5.77683, 5.79717, 5.81789, 5.83902, 5.86055, 5.88251, 5.9049, 5.92774, 5.95104, 5.97482, 5.9991, 6.02388, 6.04918, 6.07503, 6.10143, 6.12842, 6.156, 6.1842, 6.21305, 6.24256, 6.27275, 6.30367, 6.33532, 6.36774, 6.40096, 6.43501, 6.46992, 6.50573, 6.54247, 6.58019, 6.61893, 6.65872, 6.69962, 6.74168, 6.78495, 6.82948, 6.87534, 6.92259, 6.9713, 7.02154, 7.07339, 7.12694, 7.18228, 7.23951, 7.29874, 7.36007, 7.42364, 7.48958, 7.55804, 7.62919, 7.70319, 7.78024, 7.86056, 7.94437, 8.03195, 8.12358, 8.21957, 8.3203, 8.42616, 8.53755, 8.6551, 8.77934, 8.91096, 9.05072, 9.19953, 9.35847, 9.52879, 9.71203, 9.91003, 10.1251, 10.3601, 10.6188, 10.906, 11.2277, 11.5917, 12.007, 12.4837, 13.0307, 13.6534, 14.3484, 15.098, 15.8643, 16.5857, 17.1772, 17.5384, 17.5679, 17.1826, 16.3384, 15.0437, 13.3654, 11.4482, 9.41981, 7.43147, 5.61257, 4.05273, 2.79496, 1.83936, 1.15427, 0.690297, 0.393217, 0.213261, 0.110081, 0.054063, 0.0252549, 0.011218, 0.00473617, 0.00189895, 0.000721389, 0.000257644, 8.38381e-05, 2.02653e-05, 4.61332e-06, 1.38805e-06, 3.9723e-07, 1.07892e-07, 2.7813e-08, 6.80484e-09, 1.58015e-09, 3.48251e-10, 7.28447e-11, 1.44615e-11, 2.72485e-12, 4.87285e-13, 8.27054e-14, 1.33228e-14, 2.03691e-15, 2.95568e-16, 4.07056e-17, 5.32064e-18, 6.60061e-19, 7.77169e-20, 8.68478e-21, 9.21114e-22, 9.27213e-23, 8.85843e-24, 8.03241e-25, 6.91267e-26, 5.64621e-27, 4.37704e-28, 3.22043e-29, 2.24885e-30, 1.49045e-31, 9.37529e-33, 5.59711e-34, 3.17142e-35, 1.70552e-36, 8.705e-38, 4.2169e-39, 1.93878e-40, 8.46009e-42, 3.50374e-43, 1.37721e-44, 5.13784e-46, 1.81916e-47, 6.11327e-49, 1.94979e-50, 5.90216e-52, 1.69569e-53, 4.62373e-55, 1.1966e-56, 2.93912e-58, 6.85168e-60, 1.51596e-61, 3.18338e-63, 6.34455e-65, 1.20012e-66, 2.15455e-68
4.53457, 4.53756, 4.54058, 4.54363, 4.54671, 4.54982, 4.55296, 4.55614, 4.55934, 4.56258, 4.56585, 4.56916, 4.57249, 4.57586, 4.57927, 4.58271, 4.58618, 4.58969, 4.59324, 4.59682, 4.60043, 4.60409, 4.60778, 4.61151, 4.61528, 4.61908, 4.62293, 4.62681, 4.63074, 4.63471, 4.63871, 4.64276, 4.64685, 4.65099, 4.65516, 4.65938, 4.66365, 4.66796, 4.67231, 4.67671, 4.68116, 4.68565, 4.6902, 4.69479, 4.69942, 4.70411, 4.70885, 4.71364, 4.71848, 4.72338, 4.72832, 4.73333, 4.73838, 4.74349, 4.74866, 4.75388, 4.75916, 4.7645, 4.76989, 4.77535, 4.78087, 4.78645, 4.79209, 4.7978, 4.80357, 4.8094, 4.8153, 4.82127, 4.8273, 4.83341, 4.83958, 4.84583, 4.85215, 4.85854, 4.86501, 4.87155, 4.87817, 4.88486, 4.89164, 4.8985, 4.90543, 4.91245, 4.91956, 4.92675, 4.93402, 4.94139, 4.94884, 4.95639, 4.96403, 4.97176, 4.97959, 4.98752, 4.99555, 5.00367, 5.0119, 5.02023, 5.02867, 5.03722, 5.04588, 5.05465, 5.06353, 5.07253, 5.08165, 5.09088, 5.10024, 5.10973, 5.11934, 5.12908, 5.13895, 5.14895, 5.1591, 5.16938, 5.1798, 5.19037, 5.20109, 5.21195, 5.22297, 5.23415, 5.24549, 5.25699, 5.26866, 5.28049, 5.29251, 5.30469, 5.31706, 5.32962, 5.34236, 5.3553, 5.36843, 5.38177, 5.39531, 5.40906, 5.42303, 5.43722, 5.45164, 5.46628, 5.48117, 5.49629, 5.51167, 5.5273, 5.54319, 5.55934, 5.57577, 5.59249, 5.60948, 5.62678, 5.64438, 5.66228, 5.68051, 5.69907, 5.71796, 5.7372, 5.75679, 5.77675, 5.79709, 5.81782, 5.83894, 5.86047, 5.88243, 5.90482, 5.92766, 5.95096, 5.97474, 5.99901, 6.02378, 6.04909, 6.07493, 6.10133, 6.12832, 6.1559, 6.1841, 6.21294, 6.24244, 6.27264, 6.30355, 6.3352, 6.36761, 6.40083, 6.43487, 6.46978, 6.50559, 6.54233, 6.58005, 6.61878, 6.65857, 6.69946, 6.74151, 6.78478, 6.8293, 6.87516, 6.9224, 6.9711, 7.02134, 7.07318, 7.12673, 7.18206, 7.23928, 7.2985, 7.35982, 7.42338, 7.48932, 7.55777, 7.6289, 7.70289, 7.77993, 7.86023, 7.94403, 8.03159, 8.1232, 8.21918, 8.31989, 8.42572, 8.53715, 8.65468, 8.77889, 8.91048, 9.0502, 9.19898, 9.35787, 9.52815, 9.71134, 9.90927, 10.1243, 10.3592, 10.6178, 10.9049, 11.2265, 11.5903, 12.0054, 12.4819, 13.0287, 13.651, 14.3455, 15.0946, 15.8604, 16.5812, 17.1724, 17.5335, 17.5636, 17.18, 16.3395, 15.0526, 13.3884, 11.4658, 9.4327, 7.44061, 5.61882, 4.05684, 2.79755, 1.84093, 1.15518, 0.690803, 0.393485, 0.213397, 0.110147, 0.0540935, 0.0252683, 0.0112236, 0.00473843, 0.00189982, 0.000721688, 0.000257871, 8.3862e-05, 2.02611e-05, 4.60377e-06, 1.38815e-06, 3.97257e-07, 1.07899e-07, 2.78149e-08, 6.8053e-09, 1.58026e-09, 3.48275e-10, 7.28497e-11, 1.44625e-11, 2.72504e-12, 4.87317e-13, 8.2711e-14, 1.33237e-14, 2.03704e-15, 2.95588e-16, 4.07083e-17, 5.32099e-18, 6.60104e-19, 7.7722e-20, 8.68535e-21, 9.21174e-22, 9.27273e-23, 8.85901e-24, 8.03293e-25, 6.91312e-26, 5.64658e-27, 4.37732e-28, 3.22064e-29, 2.24899e-30, 1.49054e-31, 9.37588e-33, 5.59746e-34, 3.17162e-35, 1.70562e-36, 8.70555e-38, 4.21716e-39, 1.9389e-40, 8.46061e-42, 3.50396e-43, 1.3773e-44, 5.13816e-46, 1.81928e-47, 6.11365e-49, 1.94991e-50, 5.90252e-52, 1.69579e-53, 4.62401e-55, 1.19667e-56, 2.9393e-58, 6.85209e-60, 1.51605e-61, 3.18357e-63, 6.34492e-65, 1.20019e-66, 2.15468e-68
148.84
145.43
 
