UCL QuARC  
HEADERLINES: 13
Facility: TIFPA
Room: Gantry 1
Date: 2025-10-07
Time: 15:53:34
Energy: 148
Intensity: - 
Folder: TIFPA/20250930
Original data file: TIFPA/20250930/Raw/20250930_Run033_b_raw.txt
Data type: Fitted
Fit rate: 1Hz
 
MEASUREMENT 1
1.56305, 4.67879, 7.79453, 10.9103, 14.0312, 17.1469, 20.2679, 23.3784, 26.4796, 29.5859, 32.6913, 35.8071, 38.9228, 42.0385, 45.1595, 48.2752, 51.3909, 54.5067, 57.6224, 60.7381, 63.8435, 66.9593, 70.0698, 73.1752, 76.2806, 79.3859, 82.4913, 85.5967, 88.7021, 91.8074, 94.9128, 98.0182, 101.1, 104.148, 107.196, 110.244, 113.292, 116.339, 119.387, 122.435, 125.483, 128.531, 131.574, 134.622, 137.67, 140.718, 143.766, 146.814, 149.861, 152.909, 155.957, 159.005, 162.053, 165.101, 168.149, 171.197, 174.245, 177.293, 180.341, 183.389, 186.436, 189.484, 192.532, 195.58
5.15734, 4.96199, 4.94423, 5.14489, 4.97309, 5.02724, 5.30504, 5.32573, 5.32622, 5.32234, 5.4252, 5.53538, 5.60019, 5.63007, 5.7004, 5.87053, 5.98621, 5.95313, 6.35581, 6.2602, 5.55645, 6.1377, 6.33688, 6.18396, 6.53037, 6.56289, 6.65645, 6.66707, 6.83482, 6.16873, 7.07295, 5.79314, 7.02239, 7.08431, 7.26626, 7.5556, 7.64238, 7.87328, 8.19987, 8.34509, 8.63879, 9.14197, 9.76592, 10.2772, 11.1872, 12.5584, 14.7473, 16.9467, 12.3336, 3.15903, 0.189717, 0.0354389, 0.0205155, 0.0175293, 0.0163137, 0.0178972, 0.0142691, 0.0119439, 0.0128413, 0.0139021, 0.0149856, 0.0125548, 0.0163512, 0.121288
0.15472, 0.14886, 0.148327, 0.154347, 0.149193, 0.150817, 0.159151, 0.159772, 0.159787, 0.15967, 0.162756, 0.166061, 0.168006, 0.168902, 0.171012, 0.176116, 0.179586, 0.178594, 0.190674, 0.187806, 0.166693, 0.184131, 0.190106, 0.185519, 0.195911, 0.196887, 0.199693, 0.200012, 0.205045, 0.185062, 0.212188, 0.173794, 0.210672, 0.212529, 0.217988, 0.226668, 0.229271, 0.236198, 0.245996, 0.250353, 0.259164, 0.274259, 0.292978, 0.308317, 0.335616, 0.376751, 0.442418, 0.508401, 0.370008, 0.094771, 0.0056915, 0.00106317, 0.000615464, 0.000525878, 0.000489412, 0.000536916, 0.000428073, 0.000358316, 0.000385238, 0.000417063, 0.000449569, 0.000376644, 0.000490536, 0.00363863
0, 0.615951, 1.2319, 1.84785, 2.4638, 3.07975, 3.6957, 4.31165, 4.9276, 5.54356, 6.15951, 6.77546, 7.39141, 8.00736, 8.62331, 9.23926, 9.85521, 10.4712, 11.0871, 11.7031, 12.319, 12.935, 13.5509, 14.1669, 14.7828, 15.3988, 16.0147, 16.6307, 17.2466, 17.8626, 18.4785, 19.0945, 19.7104, 20.3264, 20.9423, 21.5583, 22.1742, 22.7902, 23.4061, 24.0221, 24.638, 25.254, 25.8699, 26.4859, 27.1018, 27.7178, 28.3337, 28.9497, 29.5656, 30.1816, 30.7975, 31.4135, 32.0294, 32.6454, 33.2613, 33.8773, 34.4932, 35.1092, 35.7251, 36.3411, 36.957, 37.573, 38.1889, 38.8049, 39.4208, 40.0368, 40.6527, 41.2687, 41.8846, 42.5006, 43.1165, 43.7325, 44.3484, 44.9644, 45.5803, 46.1963, 46.8122, 47.4282, 48.0441, 48.6601, 49.276, 49.892, 50.5079, 51.1239, 51.7399, 52.3558, 52.9718, 53.5877, 54.2037, 54.8196, 55.4356, 56.0515, 56.6675, 57.2834, 57.8994, 58.5153, 59.1313, 59.7472, 60.3632, 60.9791, 61.5951, 62.211, 62.827, 63.4429, 64.0589, 64.6748, 65.2908, 65.9067, 66.5227, 67.1386, 67.7546, 68.3705, 68.9865, 69.6024, 70.2184, 70.8343, 71.4503, 72.0662, 72.6822, 73.2981, 73.9141, 74.53, 75.146, 75.7619, 76.3779, 76.9938, 77.6098, 78.2257, 78.8417, 79.4576, 80.0736, 80.6895, 81.3055, 81.9214, 82.5374, 83.1533, 83.7693, 84.3852, 85.0012, 85.6171, 86.2331, 86.849, 87.465, 88.0809, 88.6969, 89.3128, 89.9288, 90.5447, 91.1607, 91.7766, 92.3926, 93.0085, 93.6245, 94.2404, 94.8564, 95.4723, 96.0883, 96.7042, 97.3202, 97.9361, 98.5521, 99.168, 99.784, 100.4, 101.016, 101.632, 102.248, 102.864, 103.48, 104.096, 104.712, 105.328, 105.944, 106.559, 107.175, 107.791, 108.407, 109.023, 109.639, 110.255, 110.871, 111.487, 112.103, 112.719, 113.335, 113.951, 114.567, 115.183, 115.799, 116.415, 117.031, 117.647, 118.263, 118.878, 119.494, 120.11, 120.726, 121.342, 121.958, 122.574, 123.19, 123.806, 124.422, 125.038, 125.654, 126.27, 126.886, 127.502, 128.118, 128.734, 129.35, 129.966, 130.582, 131.197, 131.813, 132.429, 133.045, 133.661, 134.277, 134.893, 135.509, 136.125, 136.741, 137.357, 137.973, 138.589, 139.205, 139.821, 140.437, 141.053, 141.669, 142.285, 142.901, 143.516, 144.132, 144.748, 145.364, 145.98, 146.596, 147.212, 147.828, 148.444, 149.06, 149.676, 150.292, 150.908, 151.524, 152.14, 152.756, 153.372, 153.988, 154.604, 155.22, 155.836, 156.451, 157.067, 157.683, 158.299, 158.915, 159.531, 160.147, 160.763, 161.379, 161.995, 162.611, 163.227, 163.843, 164.459, 165.075, 165.691, 166.307, 166.923, 167.539, 168.155, 168.77, 169.386, 170.002, 170.618, 171.234, 171.85, 172.466, 173.082, 173.698, 174.314, 174.93, 175.546, 176.162, 176.778, 177.394, 178.01, 178.626, 179.242, 179.858, 180.474, 181.089, 181.705, 182.321, 182.937, 183.553, 184.169, 184.785, 185.401, 186.017, 186.633, 187.249, 187.865, 188.481, 189.097, 189.713, 190.329, 190.945, 191.561, 192.177, 192.793, 193.408, 194.024, 194.64, 195.256, 195.872, 196.488
0, 0, 0, 0, 0, 0, 0, 0, 0, 0, 0, 0, 0, 0, 0, 0, 0, 0, 0, 0, 0, 0, 0, 0, 0, 0, 0, 0, 0, 0, 0, 0, 0, 0, 0, 0, 0, 0, 0, 0, 0, 0, 0, 0, 0, 0, 0, 0, 0, 0, 0, 0, 0, 0, 0, 0, 0, 0, 0, 0, 0, 0, 0, 0, 0, 0, 0, 0, 0, 0, 0, 0, 0, 0, 0, 0, 0, 0, 0, 0, 0, 0, 0, 0, 0, 0, 0, 0, 0, 0, 0, 0, 0, 0, 0, 0, 0, 0, 0, 0, 0, 0, 0, 0, 0, 0, 0, 0, 0, 0, 0, 0, 0, 0, 0, 0, 0, 0, 0, 0, 0, 0, 0, 0, 0, 0, 0, 0, 0, 0, 0, 0, 0, 0, 0, 0, 0, 0, 0, 0, 0, 0, 0, 0, 0, 0, 0, 0, 0, 0, 0, 0, 0, 0, 0, 0, 0, 0, 0, 0, 0, 0, 0, 0, 0, 0, 0, 0, 0, 0, 0, 0, 0, 0, 0, 0, 0, 0, 0, 0, 0, 0, 0, 0, 0, 0, 0, 0, 0, 0, 0, 0, 0, 0, 0, 0, 0, 0, 0, 0, 0, 0, 0, 0, 0, 0, 0, 0, 0, 0, 0, 0, 0, 0, 0, 0, 0, 0, 0, 0, 0, 0, 0, 0, 0, 0, 0, 0, 0, 0, 0, 0, 0, 0, 0, 0, 0, 0, 0, 0, 0, 0, 0, 0, 0, 0, 0, 0, 0, 0, 0, 0, 0, 0, 0, 0, 0, 0, 0, 0, 0, 0, 0, 0, 0, 0, 0, 0, 0, 0, 0, 0, 0, 0, 0, 0, 0, 0, 0, 0, 0, 0, 0, 0, 0, 0, 0, 0, 0, 0, 0, 0, 0, 0, 0, 0, 0, 0, 0, 0, 0, 0, 0, 0, 0, 0, 0, 0, 0, 0, 0, 0, 0, 0, 0, 0, 0, 0, 0, 0
0, 0, 0, 0, 0, 0, 0, 0, 0, 0, 0, 0, 0, 0, 0, 0, 0, 0, 0, 0, 0, 0, 0, 0, 0, 0, 0, 0, 0, 0, 0, 0, 0, 0, 0, 0, 0, 0, 0, 0, 0, 0, 0, 0, 0, 0, 0, 0, 0, 0, 0, 0, 0, 0, 0, 0, 0, 0, 0, 0, 0, 0, 0, 0, 0, 0, 0, 0, 0, 0, 0, 0, 0, 0, 0, 0, 0, 0, 0, 0, 0, 0, 0, 0, 0, 0, 0, 0, 0, 0, 0, 0, 0, 0, 0, 0, 0, 0, 0, 0, 0, 0, 0, 0, 0, 0, 0, 0, 0, 0, 0, 0, 0, 0, 0, 0, 0, 0, 0, 0, 0, 0, 0, 0, 0, 0, 0, 0, 0, 0, 0, 0, 0, 0, 0, 0, 0, 0, 0, 0, 0, 0, 0, 0, 0, 0, 0, 0, 0, 0, 0, 0, 0, 0, 0, 0, 0, 0, 0, 0, 0, 0, 0, 0, 0, 0, 0, 0, 0, 0, 0, 0, 0, 0, 0, 0, 0, 0, 0, 0, 0, 0, 0, 0, 0, 0, 0, 0, 0, 0, 0, 0, 0, 0, 0, 0, 0, 0, 0, 0, 0, 0, 0, 0, 0, 0, 0, 0, 0, 0, 0, 0, 0, 0, 0, 0, 0, 0, 0, 0, 0, 0, 0, 0, 0, 0, 0, 0, 0, 0, 0, 0, 0, 0, 0, 0, 0, 0, 0, 0, 0, 0, 0, 0, 0, 0, 0, 0, 0, 0, 0, 0, 0, 0, 0, 0, 0, 0, 0, 0, 0, 0, 0, 0, 0, 0, 0, 0, 0, 0, 0, 0, 0, 0, 0, 0, 0, 0, 0, 0, 0, 0, 0, 0, 0, 0, 0, 0, 0, 0, 0, 0, 0, 0, 0, 0, 0, 0, 0, 0, 0, 0, 0, 0, 0, 0, 0, 0, 0, 0, 0, 0, 0, 0, 0, 0, 0, 0, 0, 0
-
-
 
MEASUREMENT 2
1.56305, 4.67879, 7.79453, 10.9103, 14.0312, 17.1469, 20.2679, 23.3784, 26.4796, 29.5859, 32.6913, 35.8071, 38.9228, 42.0385, 45.1595, 48.2752, 51.3909, 54.5067, 57.6224, 60.7381, 63.8435, 66.9593, 70.0698, 73.1752, 76.2806, 79.3859, 82.4913, 85.5967, 88.7021, 91.8074, 94.9128, 98.0182, 101.1, 104.148, 107.196, 110.244, 113.292, 116.339, 119.387, 122.435, 125.483, 128.531, 131.574, 134.622, 137.67, 140.718, 143.766, 146.814, 149.861, 152.909, 155.957, 159.005, 162.053, 165.101, 168.149, 171.197, 174.245, 177.293, 180.341, 183.389, 186.436, 189.484, 192.532, 195.58
5.16017, 4.96467, 4.94627, 5.14691, 4.97296, 5.03121, 5.30708, 5.32866, 5.32823, 5.32335, 5.43078, 5.53844, 5.60384, 5.6329, 5.70417, 5.87376, 5.98987, 5.95649, 6.36018, 6.26519, 5.55809, 6.14203, 6.34098, 6.18522, 6.5345, 6.5666, 6.66043, 6.6716, 6.83867, 6.16952, 7.07762, 5.79497, 7.02637, 7.08714, 7.27022, 7.55979, 7.64771, 7.87825, 8.20438, 8.35023, 8.64458, 9.14832, 9.77291, 10.2847, 11.1952, 12.5672, 14.7575, 16.9595, 12.3453, 3.16249, 0.190183, 0.0356633, 0.0204141, 0.017625, 0.0161501, 0.0180064, 0.0145545, 0.0123116, 0.0128868, 0.0140104, 0.0150051, 0.01262, 0.0165296, 0.120537
0.154805, 0.14894, 0.148388, 0.154407, 0.149189, 0.150936, 0.159212, 0.15986, 0.159847, 0.1597, 0.162923, 0.166153, 0.168115, 0.168987, 0.171125, 0.176213, 0.179696, 0.178695, 0.190805, 0.187956, 0.166743, 0.184261, 0.190229, 0.185557, 0.196035, 0.196998, 0.199813, 0.200148, 0.20516, 0.185086, 0.212329, 0.173849, 0.210791, 0.212614, 0.218107, 0.226794, 0.229431, 0.236348, 0.246131, 0.250507, 0.259337, 0.27445, 0.293187, 0.308542, 0.335856, 0.377016, 0.442725, 0.508784, 0.370358, 0.0948746, 0.0057055, 0.0010699, 0.000612424, 0.000528749, 0.000484504, 0.000540191, 0.000436636, 0.000369347, 0.000386605, 0.000420312, 0.000450152, 0.000378601, 0.000495889, 0.00361612
0, 0.615951, 1.2319, 1.84785, 2.4638, 3.07975, 3.6957, 4.31165, 4.9276, 5.54356, 6.15951, 6.77546, 7.39141, 8.00736, 8.62331, 9.23926, 9.85521, 10.4712, 11.0871, 11.7031, 12.319, 12.935, 13.5509, 14.1669, 14.7828, 15.3988, 16.0147, 16.6307, 17.2466, 17.8626, 18.4785, 19.0945, 19.7104, 20.3264, 20.9423, 21.5583, 22.1742, 22.7902, 23.4061, 24.0221, 24.638, 25.254, 25.8699, 26.4859, 27.1018, 27.7178, 28.3337, 28.9497, 29.5656, 30.1816, 30.7975, 31.4135, 32.0294, 32.6454, 33.2613, 33.8773, 34.4932, 35.1092, 35.7251, 36.3411, 36.957, 37.573, 38.1889, 38.8049, 39.4208, 40.0368, 40.6527, 41.2687, 41.8846, 42.5006, 43.1165, 43.7325, 44.3484, 44.9644, 45.5803, 46.1963, 46.8122, 47.4282, 48.0441, 48.6601, 49.276, 49.892, 50.5079, 51.1239, 51.7399, 52.3558, 52.9718, 53.5877, 54.2037, 54.8196, 55.4356, 56.0515, 56.6675, 57.2834, 57.8994, 58.5153, 59.1313, 59.7472, 60.3632, 60.9791, 61.5951, 62.211, 62.827, 63.4429, 64.0589, 64.6748, 65.2908, 65.9067, 66.5227, 67.1386, 67.7546, 68.3705, 68.9865, 69.6024, 70.2184, 70.8343, 71.4503, 72.0662, 72.6822, 73.2981, 73.9141, 74.53, 75.146, 75.7619, 76.3779, 76.9938, 77.6098, 78.2257, 78.8417, 79.4576, 80.0736, 80.6895, 81.3055, 81.9214, 82.5374, 83.1533, 83.7693, 84.3852, 85.0012, 85.6171, 86.2331, 86.849, 87.465, 88.0809, 88.6969, 89.3128, 89.9288, 90.5447, 91.1607, 91.7766, 92.3926, 93.0085, 93.6245, 94.2404, 94.8564, 95.4723, 96.0883, 96.7042, 97.3202, 97.9361, 98.5521, 99.168, 99.784, 100.4, 101.016, 101.632, 102.248, 102.864, 103.48, 104.096, 104.712, 105.328, 105.944, 106.559, 107.175, 107.791, 108.407, 109.023, 109.639, 110.255, 110.871, 111.487, 112.103, 112.719, 113.335, 113.951, 114.567, 115.183, 115.799, 116.415, 117.031, 117.647, 118.263, 118.878, 119.494, 120.11, 120.726, 121.342, 121.958, 122.574, 123.19, 123.806, 124.422, 125.038, 125.654, 126.27, 126.886, 127.502, 128.118, 128.734, 129.35, 129.966, 130.582, 131.197, 131.813, 132.429, 133.045, 133.661, 134.277, 134.893, 135.509, 136.125, 136.741, 137.357, 137.973, 138.589, 139.205, 139.821, 140.437, 141.053, 141.669, 142.285, 142.901, 143.516, 144.132, 144.748, 145.364, 145.98, 146.596, 147.212, 147.828, 148.444, 149.06, 149.676, 150.292, 150.908, 151.524, 152.14, 152.756, 153.372, 153.988, 154.604, 155.22, 155.836, 156.451, 157.067, 157.683, 158.299, 158.915, 159.531, 160.147, 160.763, 161.379, 161.995, 162.611, 163.227, 163.843, 164.459, 165.075, 165.691, 166.307, 166.923, 167.539, 168.155, 168.77, 169.386, 170.002, 170.618, 171.234, 171.85, 172.466, 173.082, 173.698, 174.314, 174.93, 175.546, 176.162, 176.778, 177.394, 178.01, 178.626, 179.242, 179.858, 180.474, 181.089, 181.705, 182.321, 182.937, 183.553, 184.169, 184.785, 185.401, 186.017, 186.633, 187.249, 187.865, 188.481, 189.097, 189.713, 190.329, 190.945, 191.561, 192.177, 192.793, 193.408, 194.024, 194.64, 195.256, 195.872, 196.488
4.80608, 4.80925, 4.81245, 4.81568, 4.81895, 4.82225, 4.82558, 4.82895, 4.83235, 4.83578, 4.83925, 4.84275, 4.84629, 4.84987, 4.85348, 4.85712, 4.86081, 4.86453, 4.86829, 4.87209, 4.87592, 4.8798, 4.88371, 4.88767, 4.89166, 4.8957, 4.89978, 4.9039, 4.90806, 4.91227, 4.91652, 4.92081, 4.92515, 4.92953, 4.93396, 4.93844, 4.94296, 4.94753, 4.95215, 4.95681, 4.96153, 4.9663, 4.97111, 4.97598, 4.9809, 4.98587, 4.9909, 4.99598, 5.00111, 5.0063, 5.01155, 5.01685, 5.02221, 5.02763, 5.03311, 5.03865, 5.04425, 5.04991, 5.05563, 5.06142, 5.06727, 5.07319, 5.07917, 5.08522, 5.09134, 5.09753, 5.10379, 5.11012, 5.11652, 5.12299, 5.12954, 5.13617, 5.14287, 5.14964, 5.1565, 5.16344, 5.17046, 5.17756, 5.18475, 5.19202, 5.19938, 5.20682, 5.21436, 5.22198, 5.2297, 5.23751, 5.24542, 5.25342, 5.26152, 5.26972, 5.27803, 5.28643, 5.29495, 5.30357, 5.31229, 5.32113, 5.33008, 5.33915, 5.34833, 5.35763, 5.36705, 5.3766, 5.38627, 5.39606, 5.40599, 5.41605, 5.42624, 5.43657, 5.44704, 5.45766, 5.46841, 5.47932, 5.49038, 5.50159, 5.51295, 5.52448, 5.53617, 5.54802, 5.56005, 5.57225, 5.58462, 5.59718, 5.60992, 5.62285, 5.63597, 5.64929, 5.66281, 5.67653, 5.69046, 5.70461, 5.71897, 5.73356, 5.74838, 5.76343, 5.77872, 5.79426, 5.81005, 5.8261, 5.84241, 5.85899, 5.87584, 5.89298, 5.91041, 5.92814, 5.94618, 5.96452, 5.98319, 6.00219, 6.02153, 6.04122, 6.06126, 6.08167, 6.10246, 6.12364, 6.14522, 6.1672, 6.18962, 6.21246, 6.23576, 6.25951, 6.28375, 6.30847, 6.3337, 6.35946, 6.38575, 6.4126, 6.44002, 6.46804, 6.49667, 6.52594, 6.55587, 6.58648, 6.61779, 6.64983, 6.68263, 6.71622, 6.75063, 6.78588, 6.82202, 6.85907, 6.89707, 6.93607, 6.9761, 7.01722, 7.05945, 7.10287, 7.14751, 7.19343, 7.24071, 7.28939, 7.33954, 7.39125, 7.44459, 7.49964, 7.5565, 7.61526, 7.67602, 7.73891, 7.80404, 7.87154, 7.94157, 8.01428, 8.08984, 8.16844, 8.25028, 8.3356, 8.42464, 8.51768, 8.61504, 8.71704, 8.82408, 8.93659, 9.05498, 9.17994, 9.31203, 9.45197, 9.6006, 9.75888, 9.92796, 10.1092, 10.3042, 10.515, 10.744, 10.9944, 11.2702, 11.5764, 11.9198, 12.3083, 12.7519, 13.2611, 13.8451, 14.5093, 15.2491, 16.0447, 16.8548, 17.6124, 18.2267, 18.5912, 18.5991, 18.1648, 17.2444, 15.8502, 14.0573, 12.0187, 9.87092, 7.77305, 5.85995, 4.22394, 2.90811, 1.91074, 1.19722, 0.714951, 0.406711, 0.220304, 0.113586, 0.0557263, 0.0260076, 0.0115428, 0.00486974, 0.00195123, 0.000740767, 0.000264315, 8.57816e-05, 2.03554e-05, 4.73422e-06, 1.42452e-06, 4.07741e-07, 1.10781e-07, 2.857e-08, 6.99393e-09, 1.62516e-09, 3.58457e-10, 7.50486e-11, 1.49147e-11, 2.81351e-12, 5.03788e-13, 8.56274e-14, 1.38147e-14, 2.11562e-15, 3.07536e-16, 4.24346e-17, 5.55787e-18, 6.90974e-19, 8.15417e-20, 9.13403e-21, 9.71203e-22, 9.80217e-23, 9.39073e-24, 8.53966e-25, 7.37135e-26, 6.03973e-27, 4.69735e-28, 3.46779e-29, 2.43006e-30, 1.61639e-31, 1.02056e-32, 6.11644e-34, 3.47953e-35, 1.87892e-36, 9.63075e-38, 4.68572e-39, 2.164e-40, 9.48641e-42, 3.9474e-43, 1.55914e-44, 5.84553e-46, 2.0803e-47, 7.02738e-49, 2.25333e-50, 6.85837e-52, 1.98144e-53, 5.43382e-55, 1.41447e-56, 3.495e-58, 8.19717e-60, 1.82493e-61, 3.85648e-63, 7.73572e-65, 1.47291e-66, 2.66203e-68
4.80608, 4.80925, 4.81245, 4.81568, 4.81895, 4.82225, 4.82558, 4.82895, 4.83235, 4.83578, 4.83925, 4.84275, 4.84629, 4.84987, 4.85348, 4.85712, 4.86081, 4.86453, 4.86829, 4.87208, 4.87592, 4.8798, 4.88371, 4.88766, 4.89166, 4.8957, 4.89977, 4.90389, 4.90806, 4.91226, 4.91651, 4.9208, 4.92514, 4.92953, 4.93395, 4.93843, 4.94295, 4.94752, 4.95214, 4.95681, 4.96152, 4.96629, 4.9711, 4.97597, 4.98089, 4.98586, 4.99089, 4.99597, 5.0011, 5.00629, 5.01154, 5.01684, 5.0222, 5.02762, 5.0331, 5.03864, 5.04424, 5.0499, 5.05562, 5.06141, 5.06726, 5.07318, 5.07916, 5.08521, 5.09133, 5.09752, 5.10377, 5.1101, 5.1165, 5.12298, 5.12953, 5.13615, 5.14285, 5.14963, 5.15649, 5.16342, 5.17044, 5.17754, 5.18473, 5.192, 5.19936, 5.2068, 5.21434, 5.22196, 5.22968, 5.23749, 5.2454, 5.2534, 5.2615, 5.2697, 5.27801, 5.28641, 5.29492, 5.30354, 5.31227, 5.32111, 5.33006, 5.33912, 5.34831, 5.35761, 5.36703, 5.37657, 5.38624, 5.39604, 5.40596, 5.41602, 5.42621, 5.43654, 5.44701, 5.45762, 5.46838, 5.47929, 5.49034, 5.50155, 5.51292, 5.52444, 5.53613, 5.54799, 5.56001, 5.57221, 5.58459, 5.59714, 5.60988, 5.62281, 5.63593, 5.64924, 5.66276, 5.67648, 5.69041, 5.70456, 5.71892, 5.73351, 5.74833, 5.76338, 5.77867, 5.79421, 5.81, 5.82604, 5.84235, 5.85893, 5.87578, 5.89292, 5.91035, 5.92808, 5.94611, 5.96446, 5.98313, 6.00212, 6.02146, 6.04115, 6.06119, 6.0816, 6.10239, 6.12356, 6.14514, 6.16712, 6.18953, 6.21238, 6.23567, 6.25943, 6.28366, 6.30838, 6.33361, 6.35936, 6.38565, 6.4125, 6.43992, 6.46793, 6.49656, 6.52583, 6.55575, 6.58636, 6.61767, 6.64971, 6.68251, 6.71609, 6.7505, 6.78575, 6.82188, 6.85892, 6.89693, 6.93592, 6.97595, 7.01706, 7.05929, 7.1027, 7.14733, 7.19325, 7.24052, 7.28919, 7.33934, 7.39105, 7.44438, 7.49942, 7.55627, 7.61502, 7.67578, 7.73865, 7.80377, 7.87127, 7.94129, 8.01398, 8.08953, 8.16812, 8.24995, 8.33525, 8.42428, 8.5173, 8.61464, 8.71662, 8.82364, 8.93612, 9.05455, 9.17949, 9.31155, 9.45146, 9.60005, 9.75829, 9.92732, 10.1085, 10.3035, 10.5142, 10.7432, 10.9935, 11.2691, 11.5753, 11.9184, 12.3069, 12.7503, 13.2591, 13.8429, 14.5066, 15.246, 16.0411, 16.8506, 17.6076, 18.2216, 18.586, 18.5947, 18.1622, 17.2459, 15.8603, 14.0815, 12.0371, 9.88437, 7.78257, 5.86645, 4.22821, 2.9108, 1.91236, 1.19817, 0.715473, 0.406988, 0.220444, 0.113654, 0.0557577, 0.0260214, 0.0115486, 0.00487206, 0.00195212, 0.000741073, 0.000264545, 8.58058e-05, 2.03516e-05, 4.72441e-06, 1.42462e-06, 4.07769e-07, 1.10789e-07, 2.8572e-08, 6.99441e-09, 1.62527e-09, 3.58482e-10, 7.50537e-11, 1.49157e-11, 2.8137e-12, 5.03822e-13, 8.56332e-14, 1.38157e-14, 2.11576e-15, 3.07556e-16, 4.24374e-17, 5.55824e-18, 6.9102e-19, 8.15471e-20, 9.13463e-21, 9.71267e-22, 9.80281e-23, 9.39134e-24, 8.54022e-25, 7.37182e-26, 6.04012e-27, 4.69765e-28, 3.46801e-29, 2.43022e-30, 1.61649e-31, 1.02063e-32, 6.11682e-34, 3.47975e-35, 1.87904e-36, 9.63135e-38, 4.68601e-39, 2.16413e-40, 9.487e-42, 3.94765e-43, 1.55924e-44, 5.84589e-46, 2.08043e-47, 7.02781e-49, 2.25347e-50, 6.85878e-52, 1.98156e-53, 5.43415e-55, 1.41456e-56, 3.49521e-58, 8.19766e-60, 1.82504e-61, 3.85671e-63, 7.73618e-65, 1.47299e-66, 2.66219e-68
148.81
145.42
 
MEASUREMENT 3
1.56305, 4.67879, 7.79453, 10.9103, 14.0312, 17.1469, 20.2679, 23.3784, 26.4796, 29.5859, 32.6913, 35.8071, 38.9228, 42.0385, 45.1595, 48.2752, 51.3909, 54.5067, 57.6224, 60.7381, 63.8435, 66.9593, 70.0698, 73.1752, 76.2806, 79.3859, 82.4913, 85.5967, 88.7021, 91.8074, 94.9128, 98.0182, 101.1, 104.148, 107.196, 110.244, 113.292, 116.339, 119.387, 122.435, 125.483, 128.531, 131.574, 134.622, 137.67, 140.718, 143.766, 146.814, 149.861, 152.909, 155.957, 159.005, 162.053, 165.101, 168.149, 171.197, 174.245, 177.293, 180.341, 183.389, 186.436, 189.484, 192.532, 195.58
5.16001, 4.96423, 4.94561, 5.14681, 4.97339, 5.03011, 5.30783, 5.32914, 5.33045, 5.3241, 5.43154, 5.53864, 5.6051, 5.63499, 5.70645, 5.87427, 5.99206, 5.95943, 6.36217, 6.26734, 5.55953, 6.14296, 6.34336, 6.18523, 6.53642, 6.56893, 6.66323, 6.67479, 6.84183, 6.17025, 7.0803, 5.79494, 7.02835, 7.08991, 7.27155, 7.56263, 7.65031, 7.88122, 8.2072, 8.35113, 8.64779, 9.1518, 9.77708, 10.2887, 11.2007, 12.5734, 14.7627, 16.9671, 12.3522, 3.16477, 0.190165, 0.0356754, 0.0205476, 0.0178204, 0.0162766, 0.0179616, 0.0143693, 0.0121116, 0.012902, 0.0142125, 0.0150373, 0.0126715, 0.0163569, 0.120607
0.1548, 0.148927, 0.148368, 0.154404, 0.149202, 0.150903, 0.159235, 0.159874, 0.159913, 0.159723, 0.162946, 0.166159, 0.168153, 0.16905, 0.171193, 0.176228, 0.179762, 0.178783, 0.190865, 0.18802, 0.166786, 0.184289, 0.190301, 0.185557, 0.196093, 0.197068, 0.199897, 0.200244, 0.205255, 0.185107, 0.212409, 0.173848, 0.21085, 0.212697, 0.218147, 0.226879, 0.229509, 0.236437, 0.246216, 0.250534, 0.259434, 0.274554, 0.293312, 0.308662, 0.336021, 0.377202, 0.442881, 0.509012, 0.370565, 0.0949431, 0.00570495, 0.00107026, 0.000616429, 0.000534613, 0.000488298, 0.000538848, 0.00043108, 0.000363348, 0.00038706, 0.000426376, 0.000451118, 0.000380146, 0.000490708, 0.00361821
0, 0.615951, 1.2319, 1.84785, 2.4638, 3.07975, 3.6957, 4.31165, 4.9276, 5.54356, 6.15951, 6.77546, 7.39141, 8.00736, 8.62331, 9.23926, 9.85521, 10.4712, 11.0871, 11.7031, 12.319, 12.935, 13.5509, 14.1669, 14.7828, 15.3988, 16.0147, 16.6307, 17.2466, 17.8626, 18.4785, 19.0945, 19.7104, 20.3264, 20.9423, 21.5583, 22.1742, 22.7902, 23.4061, 24.0221, 24.638, 25.254, 25.8699, 26.4859, 27.1018, 27.7178, 28.3337, 28.9497, 29.5656, 30.1816, 30.7975, 31.4135, 32.0294, 32.6454, 33.2613, 33.8773, 34.4932, 35.1092, 35.7251, 36.3411, 36.957, 37.573, 38.1889, 38.8049, 39.4208, 40.0368, 40.6527, 41.2687, 41.8846, 42.5006, 43.1165, 43.7325, 44.3484, 44.9644, 45.5803, 46.1963, 46.8122, 47.4282, 48.0441, 48.6601, 49.276, 49.892, 50.5079, 51.1239, 51.7399, 52.3558, 52.9718, 53.5877, 54.2037, 54.8196, 55.4356, 56.0515, 56.6675, 57.2834, 57.8994, 58.5153, 59.1313, 59.7472, 60.3632, 60.9791, 61.5951, 62.211, 62.827, 63.4429, 64.0589, 64.6748, 65.2908, 65.9067, 66.5227, 67.1386, 67.7546, 68.3705, 68.9865, 69.6024, 70.2184, 70.8343, 71.4503, 72.0662, 72.6822, 73.2981, 73.9141, 74.53, 75.146, 75.7619, 76.3779, 76.9938, 77.6098, 78.2257, 78.8417, 79.4576, 80.0736, 80.6895, 81.3055, 81.9214, 82.5374, 83.1533, 83.7693, 84.3852, 85.0012, 85.6171, 86.2331, 86.849, 87.465, 88.0809, 88.6969, 89.3128, 89.9288, 90.5447, 91.1607, 91.7766, 92.3926, 93.0085, 93.6245, 94.2404, 94.8564, 95.4723, 96.0883, 96.7042, 97.3202, 97.9361, 98.5521, 99.168, 99.784, 100.4, 101.016, 101.632, 102.248, 102.864, 103.48, 104.096, 104.712, 105.328, 105.944, 106.559, 107.175, 107.791, 108.407, 109.023, 109.639, 110.255, 110.871, 111.487, 112.103, 112.719, 113.335, 113.951, 114.567, 115.183, 115.799, 116.415, 117.031, 117.647, 118.263, 118.878, 119.494, 120.11, 120.726, 121.342, 121.958, 122.574, 123.19, 123.806, 124.422, 125.038, 125.654, 126.27, 126.886, 127.502, 128.118, 128.734, 129.35, 129.966, 130.582, 131.197, 131.813, 132.429, 133.045, 133.661, 134.277, 134.893, 135.509, 136.125, 136.741, 137.357, 137.973, 138.589, 139.205, 139.821, 140.437, 141.053, 141.669, 142.285, 142.901, 143.516, 144.132, 144.748, 145.364, 145.98, 146.596, 147.212, 147.828, 148.444, 149.06, 149.676, 150.292, 150.908, 151.524, 152.14, 152.756, 153.372, 153.988, 154.604, 155.22, 155.836, 156.451, 157.067, 157.683, 158.299, 158.915, 159.531, 160.147, 160.763, 161.379, 161.995, 162.611, 163.227, 163.843, 164.459, 165.075, 165.691, 166.307, 166.923, 167.539, 168.155, 168.77, 169.386, 170.002, 170.618, 171.234, 171.85, 172.466, 173.082, 173.698, 174.314, 174.93, 175.546, 176.162, 176.778, 177.394, 178.01, 178.626, 179.242, 179.858, 180.474, 181.089, 181.705, 182.321, 182.937, 183.553, 184.169, 184.785, 185.401, 186.017, 186.633, 187.249, 187.865, 188.481, 189.097, 189.713, 190.329, 190.945, 191.561, 192.177, 192.793, 193.408, 194.024, 194.64, 195.256, 195.872, 196.488
4.80829, 4.81146, 4.81467, 4.8179, 4.82117, 4.82447, 4.82781, 4.83118, 4.83458, 4.83801, 4.84148, 4.84499, 4.84853, 4.8521, 4.85572, 4.85936, 4.86305, 4.86677, 4.87053, 4.87433, 4.87817, 4.88205, 4.88596, 4.88992, 4.89392, 4.89796, 4.90204, 4.90616, 4.91032, 4.91453, 4.91878, 4.92308, 4.92742, 4.9318, 4.93623, 4.94071, 4.94524, 4.94981, 4.95443, 4.9591, 4.96382, 4.96858, 4.9734, 4.97827, 4.98319, 4.98817, 4.9932, 4.99828, 5.00342, 5.00861, 5.01386, 5.01916, 5.02453, 5.02995, 5.03543, 5.04097, 5.04657, 5.05223, 5.05796, 5.06375, 5.06961, 5.07553, 5.08151, 5.08756, 5.09369, 5.09988, 5.10614, 5.11247, 5.11887, 5.12535, 5.1319, 5.13853, 5.14523, 5.15202, 5.15888, 5.16582, 5.17284, 5.17995, 5.18713, 5.19441, 5.20177, 5.20922, 5.21676, 5.22439, 5.23211, 5.23992, 5.24783, 5.25584, 5.26395, 5.27215, 5.28046, 5.28887, 5.29738, 5.30601, 5.31474, 5.32358, 5.33254, 5.34161, 5.35079, 5.3601, 5.36952, 5.37907, 5.38875, 5.39855, 5.40848, 5.41854, 5.42874, 5.43908, 5.44955, 5.46017, 5.47093, 5.48184, 5.4929, 5.50412, 5.51549, 5.52702, 5.53872, 5.55058, 5.56261, 5.57481, 5.58719, 5.59976, 5.6125, 5.62544, 5.63856, 5.65189, 5.66541, 5.67914, 5.69308, 5.70723, 5.7216, 5.7362, 5.75102, 5.76608, 5.78138, 5.79693, 5.81272, 5.82877, 5.84509, 5.86168, 5.87854, 5.89569, 5.91313, 5.93087, 5.94891, 5.96726, 5.98594, 6.00495, 6.0243, 6.04399, 6.06404, 6.08446, 6.10526, 6.12645, 6.14804, 6.17004, 6.19246, 6.21531, 6.23862, 6.26239, 6.28663, 6.31137, 6.33661, 6.36237, 6.38868, 6.41554, 6.44297, 6.471, 6.49965, 6.52893, 6.55887, 6.58949, 6.62082, 6.65288, 6.6857, 6.7193, 6.75372, 6.78899, 6.82514, 6.86221, 6.90023, 6.93924, 6.97929, 7.02042, 7.06268, 7.10611, 7.15077, 7.19672, 7.24401, 7.29271, 7.34289, 7.39462, 7.44799, 7.50306, 7.55994, 7.61873, 7.67952, 7.74243, 7.80759, 7.87512, 7.94518, 8.01792, 8.09351, 8.17214, 8.25402, 8.33938, 8.42846, 8.52154, 8.61893, 8.72098, 8.82806, 8.94061, 9.05906, 9.18407, 9.31621, 9.45621, 9.60489, 9.76324, 9.93238, 10.1137, 10.3088, 10.5196, 10.7488, 10.9992, 11.2751, 11.5814, 11.9248, 12.3135, 12.7573, 13.2665, 13.8508, 14.5152, 15.2554, 16.0516, 16.8623, 17.6207, 18.2359, 18.6012, 18.6097, 18.1757, 17.2551, 15.8602, 14.0662, 12.026, 9.87656, 7.77705, 5.86253, 4.2254, 2.90878, 1.91091, 1.19714, 0.714769, 0.406525, 0.220153, 0.11348, 0.055659, 0.0259684, 0.0115217, 0.00485918, 0.00194628, 0.000738585, 0.000263408, 8.54203e-05, 2.02006e-05, 4.71292e-06, 1.4174e-06, 4.05488e-07, 1.10108e-07, 2.83802e-08, 6.9433e-09, 1.6124e-09, 3.55412e-10, 7.43613e-11, 1.47678e-11, 2.78382e-12, 4.98105e-13, 8.4597e-14, 1.36378e-14, 2.08683e-15, 3.03099e-16, 4.17867e-17, 5.46821e-18, 6.79215e-19, 8.00799e-20, 8.96179e-21, 9.51963e-22, 9.59844e-23, 9.18619e-24, 8.34496e-25, 7.19562e-26, 5.88934e-27, 4.5753e-28, 3.37385e-29, 2.3615e-30, 1.56893e-31, 9.89406e-33, 5.92242e-34, 3.36495e-35, 1.81473e-36, 9.28967e-38, 4.5138e-39, 2.0818e-40, 9.11361e-42, 3.787e-43, 1.49367e-44, 5.59203e-46, 1.98718e-47, 6.70285e-49, 2.14603e-50, 6.52179e-52, 1.88127e-53, 5.15099e-55, 1.3387e-56, 3.30241e-58, 7.73274e-60, 1.71866e-61, 3.62576e-63, 7.26043e-65, 1.38e-66, 2.48973e-68
4.80829, 4.81146, 4.81467, 4.8179, 4.82117, 4.82447, 4.82781, 4.83117, 4.83458, 4.83801, 4.84148, 4.84499, 4.84853, 4.8521, 4.85571, 4.85936, 4.86305, 4.86677, 4.87053, 4.87433, 4.87817, 4.88204, 4.88596, 4.88992, 4.89391, 4.89795, 4.90203, 4.90615, 4.91032, 4.91453, 4.91878, 4.92307, 4.92741, 4.9318, 4.93623, 4.94071, 4.94523, 4.9498, 4.95442, 4.95909, 4.96381, 4.96858, 4.9734, 4.97826, 4.98319, 4.98816, 4.99319, 4.99827, 5.00341, 5.0086, 5.01385, 5.01915, 5.02452, 5.02994, 5.03542, 5.04096, 5.04656, 5.05222, 5.05795, 5.06374, 5.06959, 5.07551, 5.0815, 5.08755, 5.09367, 5.09986, 5.10612, 5.11246, 5.11886, 5.12534, 5.13189, 5.13852, 5.14522, 5.152, 5.15886, 5.1658, 5.17282, 5.17993, 5.18712, 5.19439, 5.20175, 5.2092, 5.21674, 5.22437, 5.23209, 5.2399, 5.24781, 5.25582, 5.26392, 5.27213, 5.28044, 5.28885, 5.29736, 5.30598, 5.31472, 5.32356, 5.33251, 5.34158, 5.35077, 5.36007, 5.3695, 5.37904, 5.38872, 5.39852, 5.40845, 5.41851, 5.42871, 5.43904, 5.44952, 5.46014, 5.4709, 5.48181, 5.49287, 5.50408, 5.51545, 5.52698, 5.53868, 5.55054, 5.56257, 5.57477, 5.58715, 5.59972, 5.61246, 5.62539, 5.63852, 5.65184, 5.66537, 5.67909, 5.69303, 5.70718, 5.72155, 5.73615, 5.75097, 5.76603, 5.78133, 5.79687, 5.81267, 5.82872, 5.84504, 5.86162, 5.87848, 5.89563, 5.91307, 5.9308, 5.94884, 5.9672, 5.98587, 6.00488, 6.02423, 6.04392, 6.06397, 6.08439, 6.10519, 6.12637, 6.14796, 6.16995, 6.19237, 6.21523, 6.23853, 6.2623, 6.28654, 6.31127, 6.33651, 6.36228, 6.38858, 6.41544, 6.44287, 6.4709, 6.49954, 6.52882, 6.55876, 6.58938, 6.6207, 6.65276, 6.68557, 6.71917, 6.75359, 6.78885, 6.825, 6.86206, 6.90008, 6.93909, 6.97914, 7.02026, 7.06251, 7.10594, 7.1506, 7.19654, 7.24383, 7.29252, 7.34269, 7.39442, 7.44777, 7.50284, 7.55971, 7.61849, 7.67927, 7.74218, 7.80732, 7.87485, 7.9449, 8.01762, 8.0932, 8.17182, 8.25369, 8.33903, 8.42809, 8.52116, 8.61853, 8.72056, 8.82762, 8.94015, 9.05863, 9.18361, 9.31573, 9.45569, 9.60434, 9.76265, 9.93175, 10.113, 10.308, 10.5188, 10.7479, 10.9983, 11.274, 11.5803, 11.9235, 12.3121, 12.7556, 13.2646, 13.8486, 14.5126, 15.2523, 16.048, 16.8581, 17.6159, 18.2308, 18.596, 18.6053, 18.1731, 17.2566, 15.8703, 14.0903, 12.0444, 9.89001, 7.78658, 5.86903, 4.22966, 2.91146, 1.91253, 1.19808, 0.715291, 0.406802, 0.220293, 0.113548, 0.0556903, 0.0259822, 0.0115275, 0.0048615, 0.00194717, 0.00073889, 0.000263637, 8.54444e-05, 2.01968e-05, 4.70316e-06, 1.41749e-06, 4.05516e-07, 1.10116e-07, 2.83821e-08, 6.94378e-09, 1.61251e-09, 3.55436e-10, 7.43664e-11, 1.47688e-11, 2.78401e-12, 4.98139e-13, 8.46027e-14, 1.36387e-14, 2.08697e-15, 3.0312e-16, 4.17895e-17, 5.46857e-18, 6.79259e-19, 8.00852e-20, 8.96237e-21, 9.52026e-22, 9.59906e-23, 9.18678e-24, 8.3455e-25, 7.19608e-26, 5.88972e-27, 4.57559e-28, 3.37407e-29, 2.36165e-30, 1.56903e-31, 9.89469e-33, 5.9228e-34, 3.36516e-35, 1.81485e-36, 9.29026e-38, 4.51409e-39, 2.08193e-40, 9.11418e-42, 3.78724e-43, 1.49376e-44, 5.59237e-46, 1.9873e-47, 6.70326e-49, 2.14616e-50, 6.52219e-52, 1.88139e-53, 5.1513e-55, 1.33878e-56, 3.30261e-58, 7.7332e-60, 1.71876e-61, 3.62597e-63, 7.26086e-65, 1.38009e-66, 2.48988e-68
148.81
145.42
 
MEASUREMENT 4
1.56305, 4.67879, 7.79453, 10.9103, 14.0312, 17.1469, 20.2679, 23.3784, 26.4796, 29.5859, 32.6913, 35.8071, 38.9228, 42.0385, 45.1595, 48.2752, 51.3909, 54.5067, 57.6224, 60.7381, 63.8435, 66.9593, 70.0698, 73.1752, 76.2806, 79.3859, 82.4913, 85.5967, 88.7021, 91.8074, 94.9128, 98.0182, 101.1, 104.148, 107.196, 110.244, 113.292, 116.339, 119.387, 122.435, 125.483, 128.531, 131.574, 134.622, 137.67, 140.718, 143.766, 146.814, 149.861, 152.909, 155.957, 159.005, 162.053, 165.101, 168.149, 171.197, 174.245, 177.293, 180.341, 183.389, 186.436, 189.484, 192.532, 195.58
5.1603, 4.96546, 4.94681, 5.14675, 4.9743, 5.03165, 5.30818, 5.32936, 5.33007, 5.32467, 5.43397, 5.54091, 5.6068, 5.63598, 5.70743, 5.87555, 5.99352, 5.95881, 6.36447, 6.27008, 5.56819, 6.14377, 6.34532, 6.18636, 6.53857, 6.57026, 6.66485, 6.67803, 6.84356, 6.17126, 7.08245, 5.79494, 7.02977, 7.09152, 7.27319, 7.56478, 7.65308, 7.88363, 8.20962, 8.35338, 8.65056, 9.15524, 9.78012, 10.2943, 11.2047, 12.579, 14.7687, 16.9749, 12.3555, 3.16406, 0.190048, 0.0355133, 0.0206163, 0.0178837, 0.0163962, 0.0180642, 0.0143539, 0.0122349, 0.0128613, 0.0142028, 0.015172, 0.0128038, 0.0163973, 0.123358
0.154809, 0.148964, 0.148404, 0.154402, 0.149229, 0.15095, 0.159245, 0.159881, 0.159902, 0.15974, 0.163019, 0.166227, 0.168204, 0.169079, 0.171223, 0.176266, 0.179806, 0.178764, 0.190934, 0.188102, 0.167046, 0.184313, 0.19036, 0.185591, 0.196157, 0.197108, 0.199946, 0.200341, 0.205307, 0.185138, 0.212474, 0.173848, 0.210893, 0.212746, 0.218196, 0.226943, 0.229592, 0.236509, 0.246289, 0.250602, 0.259517, 0.274657, 0.293404, 0.308828, 0.33614, 0.377369, 0.443061, 0.509247, 0.370666, 0.0949218, 0.00570144, 0.0010654, 0.00061849, 0.000536511, 0.000491887, 0.000541927, 0.000430616, 0.000367047, 0.000385838, 0.000426084, 0.000455159, 0.000384114, 0.00049192, 0.00370073
0, 0.615951, 1.2319, 1.84785, 2.4638, 3.07975, 3.6957, 4.31165, 4.9276, 5.54356, 6.15951, 6.77546, 7.39141, 8.00736, 8.62331, 9.23926, 9.85521, 10.4712, 11.0871, 11.7031, 12.319, 12.935, 13.5509, 14.1669, 14.7828, 15.3988, 16.0147, 16.6307, 17.2466, 17.8626, 18.4785, 19.0945, 19.7104, 20.3264, 20.9423, 21.5583, 22.1742, 22.7902, 23.4061, 24.0221, 24.638, 25.254, 25.8699, 26.4859, 27.1018, 27.7178, 28.3337, 28.9497, 29.5656, 30.1816, 30.7975, 31.4135, 32.0294, 32.6454, 33.2613, 33.8773, 34.4932, 35.1092, 35.7251, 36.3411, 36.957, 37.573, 38.1889, 38.8049, 39.4208, 40.0368, 40.6527, 41.2687, 41.8846, 42.5006, 43.1165, 43.7325, 44.3484, 44.9644, 45.5803, 46.1963, 46.8122, 47.4282, 48.0441, 48.6601, 49.276, 49.892, 50.5079, 51.1239, 51.7399, 52.3558, 52.9718, 53.5877, 54.2037, 54.8196, 55.4356, 56.0515, 56.6675, 57.2834, 57.8994, 58.5153, 59.1313, 59.7472, 60.3632, 60.9791, 61.5951, 62.211, 62.827, 63.4429, 64.0589, 64.6748, 65.2908, 65.9067, 66.5227, 67.1386, 67.7546, 68.3705, 68.9865, 69.6024, 70.2184, 70.8343, 71.4503, 72.0662, 72.6822, 73.2981, 73.9141, 74.53, 75.146, 75.7619, 76.3779, 76.9938, 77.6098, 78.2257, 78.8417, 79.4576, 80.0736, 80.6895, 81.3055, 81.9214, 82.5374, 83.1533, 83.7693, 84.3852, 85.0012, 85.6171, 86.2331, 86.849, 87.465, 88.0809, 88.6969, 89.3128, 89.9288, 90.5447, 91.1607, 91.7766, 92.3926, 93.0085, 93.6245, 94.2404, 94.8564, 95.4723, 96.0883, 96.7042, 97.3202, 97.9361, 98.5521, 99.168, 99.784, 100.4, 101.016, 101.632, 102.248, 102.864, 103.48, 104.096, 104.712, 105.328, 105.944, 106.559, 107.175, 107.791, 108.407, 109.023, 109.639, 110.255, 110.871, 111.487, 112.103, 112.719, 113.335, 113.951, 114.567, 115.183, 115.799, 116.415, 117.031, 117.647, 118.263, 118.878, 119.494, 120.11, 120.726, 121.342, 121.958, 122.574, 123.19, 123.806, 124.422, 125.038, 125.654, 126.27, 126.886, 127.502, 128.118, 128.734, 129.35, 129.966, 130.582, 131.197, 131.813, 132.429, 133.045, 133.661, 134.277, 134.893, 135.509, 136.125, 136.741, 137.357, 137.973, 138.589, 139.205, 139.821, 140.437, 141.053, 141.669, 142.285, 142.901, 143.516, 144.132, 144.748, 145.364, 145.98, 146.596, 147.212, 147.828, 148.444, 149.06, 149.676, 150.292, 150.908, 151.524, 152.14, 152.756, 153.372, 153.988, 154.604, 155.22, 155.836, 156.451, 157.067, 157.683, 158.299, 158.915, 159.531, 160.147, 160.763, 161.379, 161.995, 162.611, 163.227, 163.843, 164.459, 165.075, 165.691, 166.307, 166.923, 167.539, 168.155, 168.77, 169.386, 170.002, 170.618, 171.234, 171.85, 172.466, 173.082, 173.698, 174.314, 174.93, 175.546, 176.162, 176.778, 177.394, 178.01, 178.626, 179.242, 179.858, 180.474, 181.089, 181.705, 182.321, 182.937, 183.553, 184.169, 184.785, 185.401, 186.017, 186.633, 187.249, 187.865, 188.481, 189.097, 189.713, 190.329, 190.945, 191.561, 192.177, 192.793, 193.408, 194.024, 194.64, 195.256, 195.872, 196.488
4.81022, 4.8134, 4.8166, 4.81984, 4.82311, 4.82641, 4.82975, 4.83312, 4.83652, 4.83996, 4.84343, 4.84693, 4.85048, 4.85405, 4.85767, 4.86132, 4.865, 4.86873, 4.87249, 4.87629, 4.88013, 4.88401, 4.88793, 4.89189, 4.89589, 4.89993, 4.90401, 4.90813, 4.9123, 4.91651, 4.92076, 4.92506, 4.9294, 4.93379, 4.93822, 4.9427, 4.94722, 4.9518, 4.95642, 4.96109, 4.96581, 4.97058, 4.9754, 4.98027, 4.9852, 4.99018, 4.99521, 5.00029, 5.00543, 5.01062, 5.01587, 5.02118, 5.02655, 5.03197, 5.03745, 5.043, 5.0486, 5.05427, 5.06, 5.06579, 5.07165, 5.07757, 5.08356, 5.08961, 5.09574, 5.10193, 5.10819, 5.11453, 5.12093, 5.12741, 5.13397, 5.1406, 5.14731, 5.15409, 5.16095, 5.1679, 5.17492, 5.18203, 5.18922, 5.1965, 5.20386, 5.21132, 5.21886, 5.22649, 5.23421, 5.24203, 5.24995, 5.25796, 5.26606, 5.27427, 5.28258, 5.291, 5.29952, 5.30814, 5.31688, 5.32573, 5.33468, 5.34376, 5.35295, 5.36226, 5.37169, 5.38124, 5.39092, 5.40072, 5.41066, 5.42073, 5.43093, 5.44127, 5.45175, 5.46237, 5.47314, 5.48405, 5.49512, 5.50634, 5.51771, 5.52925, 5.54095, 5.55282, 5.56485, 5.57706, 5.58945, 5.60201, 5.61477, 5.62771, 5.64084, 5.65417, 5.6677, 5.68143, 5.69537, 5.70953, 5.72391, 5.73851, 5.75334, 5.76841, 5.78371, 5.79927, 5.81507, 5.83113, 5.84745, 5.86405, 5.88092, 5.89807, 5.91552, 5.93326, 5.95131, 5.96967, 5.98836, 6.00738, 6.02673, 6.04643, 6.0665, 6.08692, 6.10773, 6.12893, 6.15052, 6.17253, 6.19496, 6.21783, 6.24114, 6.26492, 6.28918, 6.31392, 6.33917, 6.36495, 6.39127, 6.41814, 6.44559, 6.47363, 6.50229, 6.53158, 6.56153, 6.59217, 6.62351, 6.65558, 6.68841, 6.72203, 6.75646, 6.79175, 6.82791, 6.865, 6.90303, 6.94207, 6.98213, 7.02328, 7.06556, 7.10901, 7.15369, 7.19965, 7.24697, 7.29569, 7.34589, 7.39764, 7.45103, 7.50613, 7.56303, 7.62184, 7.68266, 7.7456, 7.81078, 7.87835, 7.94844, 8.02121, 8.09683, 8.1755, 8.25741, 8.34281, 8.43193, 8.52505, 8.62249, 8.72458, 8.83171, 8.94431, 9.06281, 9.18788, 9.32008, 9.46014, 9.6089, 9.76732, 9.93654, 10.1179, 10.3131, 10.5241, 10.7533, 11.0039, 11.2799, 11.5864, 11.93, 12.3189, 12.7629, 13.2724, 13.857, 14.5217, 15.2623, 16.0588, 16.8698, 17.6283, 18.2435, 18.6086, 18.6167, 18.182, 17.2606, 15.8647, 14.0698, 12.0288, 9.87853, 7.77839, 5.8634, 4.22593, 2.90909, 1.91108, 1.19723, 0.714819, 0.406551, 0.220166, 0.113487, 0.0556628, 0.0259704, 0.0115227, 0.00485969, 0.00194652, 0.000738695, 0.000263453, 8.54366e-05, 2.02035e-05, 4.71418e-06, 1.41783e-06, 4.05632e-07, 1.10153e-07, 2.83933e-08, 6.94692e-09, 1.61334e-09, 3.55644e-10, 7.44151e-11, 1.47796e-11, 2.78626e-12, 4.98583e-13, 8.46856e-14, 1.36533e-14, 2.0894e-15, 3.03503e-16, 4.18467e-17, 5.47665e-18, 6.80338e-19, 8.02216e-20, 8.97872e-21, 9.53879e-22, 9.61898e-23, 9.20705e-24, 8.36505e-25, 7.21394e-26, 5.90518e-27, 4.58828e-28, 3.38394e-29, 2.36893e-30, 1.57412e-31, 9.92838e-33, 5.94396e-34, 3.37777e-35, 1.82196e-36, 9.32836e-38, 4.53343e-39, 2.09125e-40, 9.15671e-42, 3.80566e-43, 1.50133e-44, 5.62183e-46, 1.99819e-47, 6.7414e-49, 2.15884e-50, 6.56215e-52, 1.89334e-53, 5.18521e-55, 1.34791e-56, 3.3259e-58, 7.7896e-60, 1.73171e-61, 3.65421e-63, 7.31925e-65, 1.39154e-66, 2.51119e-68
4.81022, 4.8134, 4.8166, 4.81984, 4.82311, 4.82641, 4.82975, 4.83312, 4.83652, 4.83995, 4.84343, 4.84693, 4.85047, 4.85405, 4.85766, 4.86131, 4.865, 4.86873, 4.87249, 4.87629, 4.88013, 4.88401, 4.88792, 4.89188, 4.89588, 4.89992, 4.904, 4.90813, 4.91229, 4.9165, 4.92076, 4.92505, 4.92939, 4.93378, 4.93821, 4.94269, 4.94722, 4.95179, 4.95641, 4.96108, 4.9658, 4.97057, 4.9754, 4.98027, 4.98519, 4.99017, 4.9952, 5.00028, 5.00542, 5.01061, 5.01586, 5.02117, 5.02654, 5.03196, 5.03744, 5.04299, 5.04859, 5.05426, 5.05998, 5.06578, 5.07163, 5.07756, 5.08354, 5.0896, 5.09572, 5.10192, 5.10818, 5.11451, 5.12092, 5.1274, 5.13395, 5.14058, 5.14729, 5.15407, 5.16094, 5.16788, 5.17491, 5.18201, 5.18921, 5.19648, 5.20385, 5.2113, 5.21884, 5.22647, 5.23419, 5.24201, 5.24992, 5.25793, 5.26604, 5.27425, 5.28256, 5.29098, 5.29949, 5.30812, 5.31686, 5.3257, 5.33466, 5.34373, 5.35292, 5.36223, 5.37166, 5.38121, 5.39089, 5.40069, 5.41063, 5.4207, 5.4309, 5.44124, 5.45172, 5.46234, 5.4731, 5.48402, 5.49508, 5.5063, 5.51768, 5.52921, 5.54091, 5.55278, 5.56481, 5.57702, 5.58941, 5.60197, 5.61472, 5.62766, 5.64079, 5.65412, 5.66765, 5.68138, 5.69533, 5.70949, 5.72386, 5.73846, 5.75329, 5.76836, 5.78366, 5.79921, 5.81501, 5.83107, 5.8474, 5.86399, 5.88086, 5.89801, 5.91546, 5.9332, 5.95125, 5.96961, 5.98829, 6.00731, 6.02666, 6.04636, 6.06642, 6.08685, 6.10766, 6.12885, 6.15045, 6.17245, 6.19488, 6.21775, 6.24106, 6.26483, 6.28909, 6.31383, 6.33908, 6.36485, 6.39117, 6.41804, 6.44548, 6.47352, 6.50218, 6.53147, 6.56142, 6.59205, 6.62339, 6.65546, 6.68828, 6.7219, 6.75633, 6.79161, 6.82777, 6.86485, 6.90289, 6.94191, 6.98198, 7.02312, 7.06539, 7.10884, 7.15351, 7.19947, 7.24678, 7.29549, 7.34569, 7.39744, 7.45081, 7.50591, 7.5628, 7.6216, 7.68241, 7.74535, 7.81052, 7.87808, 7.94815, 8.02091, 8.09653, 8.17518, 8.25708, 8.34246, 8.43156, 8.52467, 8.62209, 8.72416, 8.83127, 8.94385, 9.06239, 9.18743, 9.3196, 9.45963, 9.60835, 9.76673, 9.93591, 10.1172, 10.3124, 10.5233, 10.7524, 11.003, 11.2789, 11.5852, 11.9287, 12.3174, 12.7612, 13.2705, 13.8548, 14.5191, 15.2592, 16.0552, 16.8656, 17.6236, 18.2384, 18.6034, 18.6122, 18.1794, 17.2621, 15.8748, 14.0939, 12.0471, 9.89198, 7.78793, 5.8699, 4.2302, 2.91178, 1.91271, 1.19817, 0.715341, 0.406828, 0.220306, 0.113555, 0.0556941, 0.0259842, 0.0115285, 0.00486201, 0.00194741, 0.000738999, 0.000263683, 8.54607e-05, 2.01998e-05, 4.70441e-06, 1.41793e-06, 4.0566e-07, 1.1016e-07, 2.83953e-08, 6.9474e-09, 1.61345e-09, 3.55668e-10, 7.44201e-11, 1.47806e-11, 2.78645e-12, 4.98617e-13, 8.46913e-14, 1.36542e-14, 2.08954e-15, 3.03524e-16, 4.18495e-17, 5.47701e-18, 6.80383e-19, 8.02269e-20, 8.97931e-21, 9.53942e-22, 9.6196e-23, 9.20765e-24, 8.36559e-25, 7.21441e-26, 5.90556e-27, 4.58857e-28, 3.38416e-29, 2.36908e-30, 1.57422e-31, 9.92901e-33, 5.94434e-34, 3.37798e-35, 1.82208e-36, 9.32894e-38, 4.53372e-39, 2.09138e-40, 9.15728e-42, 3.80589e-43, 1.50142e-44, 5.62218e-46, 1.99831e-47, 6.74181e-49, 2.15897e-50, 6.56255e-52, 1.89345e-53, 5.18552e-55, 1.34799e-56, 3.3261e-58, 7.79006e-60, 1.73182e-61, 3.65443e-63, 7.31969e-65, 1.39162e-66, 2.51134e-68
148.81
145.42
 
MEASUREMENT 5
1.56305, 4.67879, 7.79453, 10.9103, 14.0312, 17.1469, 20.2679, 23.3784, 26.4796, 29.5859, 32.6913, 35.8071, 38.9228, 42.0385, 45.1595, 48.2752, 51.3909, 54.5067, 57.6224, 60.7381, 63.8435, 66.9593, 70.0698, 73.1752, 76.2806, 79.3859, 82.4913, 85.5967, 88.7021, 91.8074, 94.9128, 98.0182, 101.1, 104.148, 107.196, 110.244, 113.292, 116.339, 119.387, 122.435, 125.483, 128.531, 131.574, 134.622, 137.67, 140.718, 143.766, 146.814, 149.861, 152.909, 155.957, 159.005, 162.053, 165.101, 168.149, 171.197, 174.245, 177.293, 180.341, 183.389, 186.436, 189.484, 192.532, 195.58
5.16008, 4.96449, 4.94683, 5.14703, 4.9741, 5.03102, 5.30823, 5.32929, 5.32999, 5.32376, 5.43417, 5.54079, 5.60665, 5.63723, 5.70823, 5.87658, 5.99444, 5.95874, 6.36567, 6.27169, 5.55883, 6.14354, 6.3464, 6.1853, 6.53897, 6.57175, 6.66622, 6.67958, 6.8449, 6.17132, 7.08319, 5.7939, 7.03018, 7.09207, 7.27443, 7.5656, 7.65464, 7.88568, 8.21075, 8.35456, 8.65213, 9.15721, 9.78294, 10.2979, 11.207, 12.5814, 14.7716, 16.9799, 12.3588, 3.16474, 0.190099, 0.0356858, 0.0206861, 0.0178282, 0.0163698, 0.0182247, 0.0142469, 0.0121739, 0.0128449, 0.0141842, 0.0152322, 0.012611, 0.0164457, 0.121697
0.154802, 0.148935, 0.148405, 0.154411, 0.149223, 0.150931, 0.159247, 0.159879, 0.1599, 0.159713, 0.163025, 0.166224, 0.168199, 0.169117, 0.171247, 0.176298, 0.179833, 0.178762, 0.19097, 0.188151, 0.166765, 0.184306, 0.190392, 0.185559, 0.196169, 0.197153, 0.199987, 0.200387, 0.205347, 0.18514, 0.212496, 0.173817, 0.210905, 0.212762, 0.218233, 0.226968, 0.229639, 0.23657, 0.246323, 0.250637, 0.259564, 0.274716, 0.293488, 0.308938, 0.336211, 0.377442, 0.443148, 0.509396, 0.370763, 0.0949423, 0.00570297, 0.00107057, 0.000620584, 0.000534846, 0.000491094, 0.00054674, 0.000427407, 0.000365218, 0.000385347, 0.000425527, 0.000456966, 0.000378331, 0.00049337, 0.00365091
0, 0.615951, 1.2319, 1.84785, 2.4638, 3.07975, 3.6957, 4.31165, 4.9276, 5.54356, 6.15951, 6.77546, 7.39141, 8.00736, 8.62331, 9.23926, 9.85521, 10.4712, 11.0871, 11.7031, 12.319, 12.935, 13.5509, 14.1669, 14.7828, 15.3988, 16.0147, 16.6307, 17.2466, 17.8626, 18.4785, 19.0945, 19.7104, 20.3264, 20.9423, 21.5583, 22.1742, 22.7902, 23.4061, 24.0221, 24.638, 25.254, 25.8699, 26.4859, 27.1018, 27.7178, 28.3337, 28.9497, 29.5656, 30.1816, 30.7975, 31.4135, 32.0294, 32.6454, 33.2613, 33.8773, 34.4932, 35.1092, 35.7251, 36.3411, 36.957, 37.573, 38.1889, 38.8049, 39.4208, 40.0368, 40.6527, 41.2687, 41.8846, 42.5006, 43.1165, 43.7325, 44.3484, 44.9644, 45.5803, 46.1963, 46.8122, 47.4282, 48.0441, 48.6601, 49.276, 49.892, 50.5079, 51.1239, 51.7399, 52.3558, 52.9718, 53.5877, 54.2037, 54.8196, 55.4356, 56.0515, 56.6675, 57.2834, 57.8994, 58.5153, 59.1313, 59.7472, 60.3632, 60.9791, 61.5951, 62.211, 62.827, 63.4429, 64.0589, 64.6748, 65.2908, 65.9067, 66.5227, 67.1386, 67.7546, 68.3705, 68.9865, 69.6024, 70.2184, 70.8343, 71.4503, 72.0662, 72.6822, 73.2981, 73.9141, 74.53, 75.146, 75.7619, 76.3779, 76.9938, 77.6098, 78.2257, 78.8417, 79.4576, 80.0736, 80.6895, 81.3055, 81.9214, 82.5374, 83.1533, 83.7693, 84.3852, 85.0012, 85.6171, 86.2331, 86.849, 87.465, 88.0809, 88.6969, 89.3128, 89.9288, 90.5447, 91.1607, 91.7766, 92.3926, 93.0085, 93.6245, 94.2404, 94.8564, 95.4723, 96.0883, 96.7042, 97.3202, 97.9361, 98.5521, 99.168, 99.784, 100.4, 101.016, 101.632, 102.248, 102.864, 103.48, 104.096, 104.712, 105.328, 105.944, 106.559, 107.175, 107.791, 108.407, 109.023, 109.639, 110.255, 110.871, 111.487, 112.103, 112.719, 113.335, 113.951, 114.567, 115.183, 115.799, 116.415, 117.031, 117.647, 118.263, 118.878, 119.494, 120.11, 120.726, 121.342, 121.958, 122.574, 123.19, 123.806, 124.422, 125.038, 125.654, 126.27, 126.886, 127.502, 128.118, 128.734, 129.35, 129.966, 130.582, 131.197, 131.813, 132.429, 133.045, 133.661, 134.277, 134.893, 135.509, 136.125, 136.741, 137.357, 137.973, 138.589, 139.205, 139.821, 140.437, 141.053, 141.669, 142.285, 142.901, 143.516, 144.132, 144.748, 145.364, 145.98, 146.596, 147.212, 147.828, 148.444, 149.06, 149.676, 150.292, 150.908, 151.524, 152.14, 152.756, 153.372, 153.988, 154.604, 155.22, 155.836, 156.451, 157.067, 157.683, 158.299, 158.915, 159.531, 160.147, 160.763, 161.379, 161.995, 162.611, 163.227, 163.843, 164.459, 165.075, 165.691, 166.307, 166.923, 167.539, 168.155, 168.77, 169.386, 170.002, 170.618, 171.234, 171.85, 172.466, 173.082, 173.698, 174.314, 174.93, 175.546, 176.162, 176.778, 177.394, 178.01, 178.626, 179.242, 179.858, 180.474, 181.089, 181.705, 182.321, 182.937, 183.553, 184.169, 184.785, 185.401, 186.017, 186.633, 187.249, 187.865, 188.481, 189.097, 189.713, 190.329, 190.945, 191.561, 192.177, 192.793, 193.408, 194.024, 194.64, 195.256, 195.872, 196.488
4.81138, 4.81456, 4.81776, 4.821, 4.82427, 4.82757, 4.83091, 4.83428, 4.83768, 4.84112, 4.84459, 4.8481, 4.85164, 4.85522, 4.85884, 4.86249, 4.86617, 4.8699, 4.87366, 4.87746, 4.88131, 4.88518, 4.8891, 4.89306, 4.89706, 4.9011, 4.90519, 4.90931, 4.91348, 4.91769, 4.92194, 4.92624, 4.93059, 4.93497, 4.93941, 4.94389, 4.94842, 4.95299, 4.95761, 4.96229, 4.96701, 4.97178, 4.9766, 4.98147, 4.9864, 4.99138, 4.99641, 5.00149, 5.00663, 5.01183, 5.01708, 5.02239, 5.02776, 5.03318, 5.03867, 5.04421, 5.04982, 5.05548, 5.06121, 5.06701, 5.07287, 5.07879, 5.08478, 5.09084, 5.09696, 5.10316, 5.10942, 5.11576, 5.12217, 5.12865, 5.1352, 5.14184, 5.14854, 5.15533, 5.1622, 5.16914, 5.17617, 5.18328, 5.19047, 5.19775, 5.20512, 5.21257, 5.22011, 5.22775, 5.23547, 5.24329, 5.25121, 5.25922, 5.26733, 5.27554, 5.28386, 5.29227, 5.30079, 5.30942, 5.31816, 5.32701, 5.33597, 5.34505, 5.35424, 5.36355, 5.37298, 5.38254, 5.39222, 5.40202, 5.41196, 5.42203, 5.43224, 5.44258, 5.45306, 5.46368, 5.47445, 5.48537, 5.49644, 5.50766, 5.51904, 5.53058, 5.54228, 5.55415, 5.56619, 5.5784, 5.59079, 5.60336, 5.61612, 5.62906, 5.6422, 5.65553, 5.66906, 5.6828, 5.69675, 5.71091, 5.72529, 5.7399, 5.75473, 5.7698, 5.78511, 5.80066, 5.81647, 5.83253, 5.84886, 5.86546, 5.88234, 5.89949, 5.91694, 5.93469, 5.95275, 5.97111, 5.9898, 6.00882, 6.02818, 6.04789, 6.06796, 6.08839, 6.10921, 6.13041, 6.15201, 6.17402, 6.19646, 6.21933, 6.24265, 6.26643, 6.29069, 6.31545, 6.3407, 6.36649, 6.39281, 6.41969, 6.44714, 6.47519, 6.50386, 6.53316, 6.56312, 6.59376, 6.62511, 6.65719, 6.69002, 6.72365, 6.75809, 6.79339, 6.82956, 6.86665, 6.9047, 6.94374, 6.98382, 7.02498, 7.06726, 7.11072, 7.15542, 7.20139, 7.24872, 7.29745, 7.34766, 7.39943, 7.45283, 7.50794, 7.56486, 7.62368, 7.68452, 7.74747, 7.81267, 7.88026, 7.95036, 8.02315, 8.09879, 8.17748, 8.25941, 8.34483, 8.43397, 8.52712, 8.62458, 8.72669, 8.83385, 8.94648, 9.06501, 9.19011, 9.32234, 9.46244, 9.61123, 9.76969, 9.93895, 10.1204, 10.3156, 10.5266, 10.7559, 11.0066, 11.2826, 11.5892, 11.9329, 12.3219, 12.7659, 13.2756, 13.8604, 14.5253, 15.2661, 16.0628, 16.8741, 17.633, 18.2484, 18.6137, 18.6219, 18.1871, 17.2653, 15.8688, 14.0732, 12.0313, 9.88028, 7.77944, 5.86388, 4.22602, 2.90895, 1.91084, 1.19698, 0.714596, 0.406381, 0.220049, 0.113412, 0.0556186, 0.0259461, 0.0115102, 0.0048536, 0.00194374, 0.000737498, 0.000262965, 8.52458e-05, 2.01229e-05, 4.70318e-06, 1.4142e-06, 4.04497e-07, 1.09817e-07, 2.82995e-08, 6.92214e-09, 1.60714e-09, 3.54176e-10, 7.40862e-11, 1.47098e-11, 2.77224e-12, 4.95913e-13, 8.42041e-14, 1.3571e-14, 2.07609e-15, 3.0146e-16, 4.15496e-17, 5.43571e-18, 6.7499e-19, 7.95593e-20, 8.90096e-21, 9.45225e-22, 9.52764e-23, 9.11566e-24, 8.27833e-25, 7.13592e-26, 5.8386e-27, 4.5344e-28, 3.34259e-29, 2.33883e-30, 1.55334e-31, 9.79233e-33, 5.85946e-34, 3.32799e-35, 1.79414e-36, 9.18089e-38, 4.45928e-39, 2.05587e-40, 8.99664e-42, 3.73694e-43, 1.47334e-44, 5.5137e-46, 1.95855e-47, 6.60356e-49, 2.11336e-50, 6.41979e-52, 1.85106e-53, 5.06606e-55, 1.31605e-56, 3.2451e-58, 7.59511e-60, 1.6873e-61, 3.55796e-63, 7.12136e-65, 1.35293e-66, 2.43973e-68
4.81138, 4.81456, 4.81776, 4.821, 4.82427, 4.82757, 4.83091, 4.83428, 4.83768, 4.84112, 4.84459, 4.8481, 4.85164, 4.85522, 4.85883, 4.86248, 4.86617, 4.8699, 4.87366, 4.87746, 4.8813, 4.88518, 4.8891, 4.89306, 4.89706, 4.9011, 4.90518, 4.90931, 4.91347, 4.91769, 4.92194, 4.92624, 4.93058, 4.93497, 4.9394, 4.94388, 4.94841, 4.95298, 4.95761, 4.96228, 4.967, 4.97177, 4.97659, 4.98147, 4.98639, 4.99137, 4.9964, 5.00148, 5.00662, 5.01182, 5.01707, 5.02238, 5.02775, 5.03317, 5.03866, 5.0442, 5.04981, 5.05547, 5.0612, 5.067, 5.07285, 5.07878, 5.08477, 5.09082, 5.09695, 5.10314, 5.10941, 5.11574, 5.12215, 5.12863, 5.13519, 5.14182, 5.14853, 5.15532, 5.16218, 5.16913, 5.17615, 5.18326, 5.19045, 5.19773, 5.2051, 5.21255, 5.22009, 5.22773, 5.23545, 5.24327, 5.25119, 5.2592, 5.26731, 5.27552, 5.28383, 5.29225, 5.30077, 5.3094, 5.31814, 5.32698, 5.33594, 5.34502, 5.35421, 5.36352, 5.37295, 5.38251, 5.39219, 5.40199, 5.41193, 5.422, 5.43221, 5.44255, 5.45303, 5.46365, 5.47442, 5.48534, 5.49641, 5.50763, 5.51901, 5.53055, 5.54225, 5.55412, 5.56615, 5.57837, 5.59075, 5.60332, 5.61608, 5.62902, 5.64215, 5.65548, 5.66902, 5.68275, 5.6967, 5.71086, 5.72524, 5.73985, 5.75468, 5.76975, 5.78506, 5.80061, 5.81642, 5.83248, 5.84881, 5.8654, 5.88228, 5.89943, 5.91688, 5.93463, 5.95268, 5.97105, 5.98974, 6.00876, 6.02811, 6.04782, 6.06789, 6.08832, 6.10913, 6.13033, 6.15193, 6.17394, 6.19637, 6.21924, 6.24256, 6.26635, 6.2906, 6.31535, 6.34061, 6.36639, 6.39271, 6.41959, 6.44704, 6.47508, 6.50375, 6.53305, 6.563, 6.59364, 6.62499, 6.65706, 6.6899, 6.72352, 6.75796, 6.79325, 6.82942, 6.86651, 6.90455, 6.94359, 6.98366, 7.02482, 7.0671, 7.11055, 7.15524, 7.20121, 7.24853, 7.29726, 7.34747, 7.39922, 7.45262, 7.50772, 7.56463, 7.62345, 7.68427, 7.74722, 7.81241, 7.87998, 7.95008, 8.02285, 8.09849, 8.17716, 8.25908, 8.34448, 8.43361, 8.52674, 8.62418, 8.72628, 8.83341, 8.94602, 9.06458, 9.18965, 9.32186, 9.46192, 9.61068, 9.7691, 9.93832, 10.1197, 10.3149, 10.5258, 10.755, 11.0056, 11.2816, 11.588, 11.9316, 12.3204, 12.7643, 13.2737, 13.8581, 14.5227, 15.263, 16.0592, 16.8699, 17.6282, 18.2433, 18.6085, 18.6174, 18.1845, 17.2668, 15.8789, 14.0973, 12.0497, 9.89374, 7.78897, 5.87039, 4.23029, 2.91164, 1.91246, 1.19792, 0.715118, 0.406657, 0.220189, 0.11348, 0.0556499, 0.0259599, 0.011516, 0.00485591, 0.00194463, 0.000737802, 0.000263194, 8.52698e-05, 2.01193e-05, 4.69344e-06, 1.4143e-06, 4.04525e-07, 1.09825e-07, 2.83015e-08, 6.92261e-09, 1.60725e-09, 3.542e-10, 7.40912e-11, 1.47108e-11, 2.77242e-12, 4.95947e-13, 8.42098e-14, 1.35719e-14, 2.07622e-15, 3.0148e-16, 4.15524e-17, 5.43607e-18, 6.75035e-19, 7.95646e-20, 8.90155e-21, 9.45287e-22, 9.52826e-23, 9.11625e-24, 8.27887e-25, 7.13638e-26, 5.83898e-27, 4.53469e-28, 3.34281e-29, 2.33898e-30, 1.55344e-31, 9.79295e-33, 5.85983e-34, 3.3282e-35, 1.79426e-36, 9.18147e-38, 4.45956e-39, 2.056e-40, 8.9972e-42, 3.73717e-43, 1.47343e-44, 5.51404e-46, 1.95867e-47, 6.60397e-49, 2.11349e-50, 6.42018e-52, 1.85117e-53, 5.06637e-55, 1.31613e-56, 3.24529e-58, 7.59556e-60, 1.6874e-61, 3.55818e-63, 7.12179e-65, 1.35301e-66, 2.43987e-68
148.81
145.42
 
MEASUREMENT 6
1.56305, 4.67879, 7.79453, 10.9103, 14.0312, 17.1469, 20.2679, 23.3784, 26.4796, 29.5859, 32.6913, 35.8071, 38.9228, 42.0385, 45.1595, 48.2752, 51.3909, 54.5067, 57.6224, 60.7381, 63.8435, 66.9593, 70.0698, 73.1752, 76.2806, 79.3859, 82.4913, 85.5967, 88.7021, 91.8074, 94.9128, 98.0182, 101.1, 104.148, 107.196, 110.244, 113.292, 116.339, 119.387, 122.435, 125.483, 128.531, 131.574, 134.622, 137.67, 140.718, 143.766, 146.814, 149.861, 152.909, 155.957, 159.005, 162.053, 165.101, 168.149, 171.197, 174.245, 177.293, 180.341, 183.389, 186.436, 189.484, 192.532, 195.58
5.16295, 4.96735, 4.95062, 5.15013, 4.97732, 5.03473, 5.31143, 5.33274, 5.33287, 5.32838, 5.43877, 5.54487, 5.61081, 5.64094, 5.71335, 5.88, 5.99952, 5.96374, 6.37139, 6.2786, 5.5653, 6.14965, 6.35106, 6.18856, 6.54439, 6.57719, 6.67137, 6.68621, 6.85057, 6.17326, 7.08983, 5.79765, 7.03498, 7.09748, 7.27959, 7.57204, 7.66143, 7.89203, 8.21771, 8.3605, 8.65949, 9.16493, 9.7916, 10.3061, 11.2191, 12.5927, 14.7861, 16.9971, 12.3711, 3.167, 0.190215, 0.0357479, 0.0206146, 0.0178416, 0.0162604, 0.0181245, 0.0144437, 0.0123125, 0.0128872, 0.0140797, 0.0150915, 0.0127599, 0.0164674, 0.12309
0.154888, 0.149021, 0.148519, 0.154504, 0.149319, 0.151042, 0.159343, 0.159982, 0.159986, 0.159852, 0.163163, 0.166346, 0.168324, 0.169228, 0.171401, 0.1764, 0.179986, 0.178912, 0.191142, 0.188358, 0.166959, 0.184489, 0.190532, 0.185657, 0.196332, 0.197316, 0.200141, 0.200586, 0.205517, 0.185198, 0.212695, 0.173929, 0.21105, 0.212925, 0.218388, 0.227161, 0.229843, 0.236761, 0.246531, 0.250815, 0.259785, 0.274948, 0.293748, 0.309183, 0.336573, 0.37778, 0.443583, 0.509913, 0.371133, 0.09501, 0.00570646, 0.00107244, 0.000618439, 0.000535247, 0.000487813, 0.000543735, 0.00043331, 0.000369376, 0.000386615, 0.00042239, 0.000452746, 0.000382796, 0.000494023, 0.00369269
0, 0.615951, 1.2319, 1.84785, 2.4638, 3.07975, 3.6957, 4.31165, 4.9276, 5.54356, 6.15951, 6.77546, 7.39141, 8.00736, 8.62331, 9.23926, 9.85521, 10.4712, 11.0871, 11.7031, 12.319, 12.935, 13.5509, 14.1669, 14.7828, 15.3988, 16.0147, 16.6307, 17.2466, 17.8626, 18.4785, 19.0945, 19.7104, 20.3264, 20.9423, 21.5583, 22.1742, 22.7902, 23.4061, 24.0221, 24.638, 25.254, 25.8699, 26.4859, 27.1018, 27.7178, 28.3337, 28.9497, 29.5656, 30.1816, 30.7975, 31.4135, 32.0294, 32.6454, 33.2613, 33.8773, 34.4932, 35.1092, 35.7251, 36.3411, 36.957, 37.573, 38.1889, 38.8049, 39.4208, 40.0368, 40.6527, 41.2687, 41.8846, 42.5006, 43.1165, 43.7325, 44.3484, 44.9644, 45.5803, 46.1963, 46.8122, 47.4282, 48.0441, 48.6601, 49.276, 49.892, 50.5079, 51.1239, 51.7399, 52.3558, 52.9718, 53.5877, 54.2037, 54.8196, 55.4356, 56.0515, 56.6675, 57.2834, 57.8994, 58.5153, 59.1313, 59.7472, 60.3632, 60.9791, 61.5951, 62.211, 62.827, 63.4429, 64.0589, 64.6748, 65.2908, 65.9067, 66.5227, 67.1386, 67.7546, 68.3705, 68.9865, 69.6024, 70.2184, 70.8343, 71.4503, 72.0662, 72.6822, 73.2981, 73.9141, 74.53, 75.146, 75.7619, 76.3779, 76.9938, 77.6098, 78.2257, 78.8417, 79.4576, 80.0736, 80.6895, 81.3055, 81.9214, 82.5374, 83.1533, 83.7693, 84.3852, 85.0012, 85.6171, 86.2331, 86.849, 87.465, 88.0809, 88.6969, 89.3128, 89.9288, 90.5447, 91.1607, 91.7766, 92.3926, 93.0085, 93.6245, 94.2404, 94.8564, 95.4723, 96.0883, 96.7042, 97.3202, 97.9361, 98.5521, 99.168, 99.784, 100.4, 101.016, 101.632, 102.248, 102.864, 103.48, 104.096, 104.712, 105.328, 105.944, 106.559, 107.175, 107.791, 108.407, 109.023, 109.639, 110.255, 110.871, 111.487, 112.103, 112.719, 113.335, 113.951, 114.567, 115.183, 115.799, 116.415, 117.031, 117.647, 118.263, 118.878, 119.494, 120.11, 120.726, 121.342, 121.958, 122.574, 123.19, 123.806, 124.422, 125.038, 125.654, 126.27, 126.886, 127.502, 128.118, 128.734, 129.35, 129.966, 130.582, 131.197, 131.813, 132.429, 133.045, 133.661, 134.277, 134.893, 135.509, 136.125, 136.741, 137.357, 137.973, 138.589, 139.205, 139.821, 140.437, 141.053, 141.669, 142.285, 142.901, 143.516, 144.132, 144.748, 145.364, 145.98, 146.596, 147.212, 147.828, 148.444, 149.06, 149.676, 150.292, 150.908, 151.524, 152.14, 152.756, 153.372, 153.988, 154.604, 155.22, 155.836, 156.451, 157.067, 157.683, 158.299, 158.915, 159.531, 160.147, 160.763, 161.379, 161.995, 162.611, 163.227, 163.843, 164.459, 165.075, 165.691, 166.307, 166.923, 167.539, 168.155, 168.77, 169.386, 170.002, 170.618, 171.234, 171.85, 172.466, 173.082, 173.698, 174.314, 174.93, 175.546, 176.162, 176.778, 177.394, 178.01, 178.626, 179.242, 179.858, 180.474, 181.089, 181.705, 182.321, 182.937, 183.553, 184.169, 184.785, 185.401, 186.017, 186.633, 187.249, 187.865, 188.481, 189.097, 189.713, 190.329, 190.945, 191.561, 192.177, 192.793, 193.408, 194.024, 194.64, 195.256, 195.872, 196.488
0, 0, 0, 0, 0, 0, 0, 0, 0, 0, 0, 0, 0, 0, 0, 0, 0, 0, 0, 0, 0, 0, 0, 0, 0, 0, 0, 0, 0, 0, 0, 0, 0, 0, 0, 0, 0, 0, 0, 0, 0, 0, 0, 0, 0, 0, 0, 0, 0, 0, 0, 0, 0, 0, 0, 0, 0, 0, 0, 0, 0, 0, 0, 0, 0, 0, 0, 0, 0, 0, 0, 0, 0, 0, 0, 0, 0, 0, 0, 0, 0, 0, 0, 0, 0, 0, 0, 0, 0, 0, 0, 0, 0, 0, 0, 0, 0, 0, 0, 0, 0, 0, 0, 0, 0, 0, 0, 0, 0, 0, 0, 0, 0, 0, 0, 0, 0, 0, 0, 0, 0, 0, 0, 0, 0, 0, 0, 0, 0, 0, 0, 0, 0, 0, 0, 0, 0, 0, 0, 0, 0, 0, 0, 0, 0, 0, 0, 0, 0, 0, 0, 0, 0, 0, 0, 0, 0, 0, 0, 0, 0, 0, 0, 0, 0, 0, 0, 0, 0, 0, 0, 0, 0, 0, 0, 0, 0, 0, 0, 0, 0, 0, 0, 0, 0, 0, 0, 0, 0, 0, 0, 0, 0, 0, 0, 0, 0, 0, 0, 0, 0, 0, 0, 0, 0, 0, 0, 0, 0, 0, 0, 0, 0, 0, 0, 0, 0, 0, 0, 0, 0, 0, 0, 0, 0, 0, 0, 0, 0, 0, 0, 0, 0, 0, 0, 0, 0, 0, 0, 0, 0, 0, 0, 0, 0, 0, 0, 0, 0, 0, 0, 0, 0, 0, 0, 0, 0, 0, 0, 0, 0, 0, 0, 0, 0, 0, 0, 0, 0, 0, 0, 0, 0, 0, 0, 0, 0, 0, 0, 0, 0, 0, 0, 0, 0, 0, 0, 0, 0, 0, 0, 0, 0, 0, 0, 0, 0, 0, 0, 0, 0, 0, 0, 0, 0, 0, 0, 0, 0, 0, 0, 0, 0, 0, 0, 0, 0, 0, 0, 0
0, 0, 0, 0, 0, 0, 0, 0, 0, 0, 0, 0, 0, 0, 0, 0, 0, 0, 0, 0, 0, 0, 0, 0, 0, 0, 0, 0, 0, 0, 0, 0, 0, 0, 0, 0, 0, 0, 0, 0, 0, 0, 0, 0, 0, 0, 0, 0, 0, 0, 0, 0, 0, 0, 0, 0, 0, 0, 0, 0, 0, 0, 0, 0, 0, 0, 0, 0, 0, 0, 0, 0, 0, 0, 0, 0, 0, 0, 0, 0, 0, 0, 0, 0, 0, 0, 0, 0, 0, 0, 0, 0, 0, 0, 0, 0, 0, 0, 0, 0, 0, 0, 0, 0, 0, 0, 0, 0, 0, 0, 0, 0, 0, 0, 0, 0, 0, 0, 0, 0, 0, 0, 0, 0, 0, 0, 0, 0, 0, 0, 0, 0, 0, 0, 0, 0, 0, 0, 0, 0, 0, 0, 0, 0, 0, 0, 0, 0, 0, 0, 0, 0, 0, 0, 0, 0, 0, 0, 0, 0, 0, 0, 0, 0, 0, 0, 0, 0, 0, 0, 0, 0, 0, 0, 0, 0, 0, 0, 0, 0, 0, 0, 0, 0, 0, 0, 0, 0, 0, 0, 0, 0, 0, 0, 0, 0, 0, 0, 0, 0, 0, 0, 0, 0, 0, 0, 0, 0, 0, 0, 0, 0, 0, 0, 0, 0, 0, 0, 0, 0, 0, 0, 0, 0, 0, 0, 0, 0, 0, 0, 0, 0, 0, 0, 0, 0, 0, 0, 0, 0, 0, 0, 0, 0, 0, 0, 0, 0, 0, 0, 0, 0, 0, 0, 0, 0, 0, 0, 0, 0, 0, 0, 0, 0, 0, 0, 0, 0, 0, 0, 0, 0, 0, 0, 0, 0, 0, 0, 0, 0, 0, 0, 0, 0, 0, 0, 0, 0, 0, 0, 0, 0, 0, 0, 0, 0, 0, 0, 0, 0, 0, 0, 0, 0, 0, 0, 0, 0, 0, 0, 0, 0, 0, 0, 0, 0, 0, 0, 0, 0
-
-
 
MEASUREMENT 7
1.56305, 4.67879, 7.79453, 10.9103, 14.0312, 17.1469, 20.2679, 23.3784, 26.4796, 29.5859, 32.6913, 35.8071, 38.9228, 42.0385, 45.1595, 48.2752, 51.3909, 54.5067, 57.6224, 60.7381, 63.8435, 66.9593, 70.0698, 73.1752, 76.2806, 79.3859, 82.4913, 85.5967, 88.7021, 91.8074, 94.9128, 98.0182, 101.1, 104.148, 107.196, 110.244, 113.292, 116.339, 119.387, 122.435, 125.483, 128.531, 131.574, 134.622, 137.67, 140.718, 143.766, 146.814, 149.861, 152.909, 155.957, 159.005, 162.053, 165.101, 168.149, 171.197, 174.245, 177.293, 180.341, 183.389, 186.436, 189.484, 192.532, 195.58
5.16174, 4.96835, 4.94891, 5.14951, 4.97784, 5.03281, 5.31052, 5.33155, 5.33357, 5.32826, 5.43932, 5.54387, 5.61062, 5.64036, 5.71314, 5.87984, 5.99983, 5.96274, 6.3717, 6.27753, 5.56607, 6.14879, 6.35116, 6.19013, 6.54443, 6.57684, 6.67171, 6.68732, 6.85143, 6.1733, 7.08989, 5.79509, 7.03515, 7.09783, 7.27946, 7.57184, 7.66175, 7.89254, 8.21837, 8.36102, 8.66087, 9.16578, 9.79208, 10.3074, 11.2193, 12.5938, 14.7878, 16.9996, 12.3731, 3.16707, 0.190151, 0.0359244, 0.0208465, 0.0179445, 0.0162981, 0.0180251, 0.0143731, 0.0121571, 0.0127766, 0.0140824, 0.0154687, 0.0127917, 0.0163645, 0.122678
0.154852, 0.149051, 0.148467, 0.154485, 0.149335, 0.150984, 0.159316, 0.159946, 0.160007, 0.159848, 0.163179, 0.166316, 0.168319, 0.169211, 0.171394, 0.176395, 0.179995, 0.178882, 0.191151, 0.188326, 0.166982, 0.184464, 0.190535, 0.185704, 0.196333, 0.197305, 0.200151, 0.200619, 0.205543, 0.185199, 0.212697, 0.173853, 0.211054, 0.212935, 0.218384, 0.227155, 0.229852, 0.236776, 0.246551, 0.250831, 0.259826, 0.274973, 0.293762, 0.309221, 0.336579, 0.377814, 0.443633, 0.509989, 0.371192, 0.095012, 0.00570454, 0.00107773, 0.000625395, 0.000538334, 0.000488944, 0.000540752, 0.000431192, 0.000364713, 0.000383298, 0.000422473, 0.00046406, 0.00038375, 0.000490934, 0.00368035
0, 0.615951, 1.2319, 1.84785, 2.4638, 3.07975, 3.6957, 4.31165, 4.9276, 5.54356, 6.15951, 6.77546, 7.39141, 8.00736, 8.62331, 9.23926, 9.85521, 10.4712, 11.0871, 11.7031, 12.319, 12.935, 13.5509, 14.1669, 14.7828, 15.3988, 16.0147, 16.6307, 17.2466, 17.8626, 18.4785, 19.0945, 19.7104, 20.3264, 20.9423, 21.5583, 22.1742, 22.7902, 23.4061, 24.0221, 24.638, 25.254, 25.8699, 26.4859, 27.1018, 27.7178, 28.3337, 28.9497, 29.5656, 30.1816, 30.7975, 31.4135, 32.0294, 32.6454, 33.2613, 33.8773, 34.4932, 35.1092, 35.7251, 36.3411, 36.957, 37.573, 38.1889, 38.8049, 39.4208, 40.0368, 40.6527, 41.2687, 41.8846, 42.5006, 43.1165, 43.7325, 44.3484, 44.9644, 45.5803, 46.1963, 46.8122, 47.4282, 48.0441, 48.6601, 49.276, 49.892, 50.5079, 51.1239, 51.7399, 52.3558, 52.9718, 53.5877, 54.2037, 54.8196, 55.4356, 56.0515, 56.6675, 57.2834, 57.8994, 58.5153, 59.1313, 59.7472, 60.3632, 60.9791, 61.5951, 62.211, 62.827, 63.4429, 64.0589, 64.6748, 65.2908, 65.9067, 66.5227, 67.1386, 67.7546, 68.3705, 68.9865, 69.6024, 70.2184, 70.8343, 71.4503, 72.0662, 72.6822, 73.2981, 73.9141, 74.53, 75.146, 75.7619, 76.3779, 76.9938, 77.6098, 78.2257, 78.8417, 79.4576, 80.0736, 80.6895, 81.3055, 81.9214, 82.5374, 83.1533, 83.7693, 84.3852, 85.0012, 85.6171, 86.2331, 86.849, 87.465, 88.0809, 88.6969, 89.3128, 89.9288, 90.5447, 91.1607, 91.7766, 92.3926, 93.0085, 93.6245, 94.2404, 94.8564, 95.4723, 96.0883, 96.7042, 97.3202, 97.9361, 98.5521, 99.168, 99.784, 100.4, 101.016, 101.632, 102.248, 102.864, 103.48, 104.096, 104.712, 105.328, 105.944, 106.559, 107.175, 107.791, 108.407, 109.023, 109.639, 110.255, 110.871, 111.487, 112.103, 112.719, 113.335, 113.951, 114.567, 115.183, 115.799, 116.415, 117.031, 117.647, 118.263, 118.878, 119.494, 120.11, 120.726, 121.342, 121.958, 122.574, 123.19, 123.806, 124.422, 125.038, 125.654, 126.27, 126.886, 127.502, 128.118, 128.734, 129.35, 129.966, 130.582, 131.197, 131.813, 132.429, 133.045, 133.661, 134.277, 134.893, 135.509, 136.125, 136.741, 137.357, 137.973, 138.589, 139.205, 139.821, 140.437, 141.053, 141.669, 142.285, 142.901, 143.516, 144.132, 144.748, 145.364, 145.98, 146.596, 147.212, 147.828, 148.444, 149.06, 149.676, 150.292, 150.908, 151.524, 152.14, 152.756, 153.372, 153.988, 154.604, 155.22, 155.836, 156.451, 157.067, 157.683, 158.299, 158.915, 159.531, 160.147, 160.763, 161.379, 161.995, 162.611, 163.227, 163.843, 164.459, 165.075, 165.691, 166.307, 166.923, 167.539, 168.155, 168.77, 169.386, 170.002, 170.618, 171.234, 171.85, 172.466, 173.082, 173.698, 174.314, 174.93, 175.546, 176.162, 176.778, 177.394, 178.01, 178.626, 179.242, 179.858, 180.474, 181.089, 181.705, 182.321, 182.937, 183.553, 184.169, 184.785, 185.401, 186.017, 186.633, 187.249, 187.865, 188.481, 189.097, 189.713, 190.329, 190.945, 191.561, 192.177, 192.793, 193.408, 194.024, 194.64, 195.256, 195.872, 196.488
0, 0, 0, 0, 0, 0, 0, 0, 0, 0, 0, 0, 0, 0, 0, 0, 0, 0, 0, 0, 0, 0, 0, 0, 0, 0, 0, 0, 0, 0, 0, 0, 0, 0, 0, 0, 0, 0, 0, 0, 0, 0, 0, 0, 0, 0, 0, 0, 0, 0, 0, 0, 0, 0, 0, 0, 0, 0, 0, 0, 0, 0, 0, 0, 0, 0, 0, 0, 0, 0, 0, 0, 0, 0, 0, 0, 0, 0, 0, 0, 0, 0, 0, 0, 0, 0, 0, 0, 0, 0, 0, 0, 0, 0, 0, 0, 0, 0, 0, 0, 0, 0, 0, 0, 0, 0, 0, 0, 0, 0, 0, 0, 0, 0, 0, 0, 0, 0, 0, 0, 0, 0, 0, 0, 0, 0, 0, 0, 0, 0, 0, 0, 0, 0, 0, 0, 0, 0, 0, 0, 0, 0, 0, 0, 0, 0, 0, 0, 0, 0, 0, 0, 0, 0, 0, 0, 0, 0, 0, 0, 0, 0, 0, 0, 0, 0, 0, 0, 0, 0, 0, 0, 0, 0, 0, 0, 0, 0, 0, 0, 0, 0, 0, 0, 0, 0, 0, 0, 0, 0, 0, 0, 0, 0, 0, 0, 0, 0, 0, 0, 0, 0, 0, 0, 0, 0, 0, 0, 0, 0, 0, 0, 0, 0, 0, 0, 0, 0, 0, 0, 0, 0, 0, 0, 0, 0, 0, 0, 0, 0, 0, 0, 0, 0, 0, 0, 0, 0, 0, 0, 0, 0, 0, 0, 0, 0, 0, 0, 0, 0, 0, 0, 0, 0, 0, 0, 0, 0, 0, 0, 0, 0, 0, 0, 0, 0, 0, 0, 0, 0, 0, 0, 0, 0, 0, 0, 0, 0, 0, 0, 0, 0, 0, 0, 0, 0, 0, 0, 0, 0, 0, 0, 0, 0, 0, 0, 0, 0, 0, 0, 0, 0, 0, 0, 0, 0, 0, 0, 0, 0, 0, 0, 0, 0, 0, 0, 0, 0, 0, 0
0, 0, 0, 0, 0, 0, 0, 0, 0, 0, 0, 0, 0, 0, 0, 0, 0, 0, 0, 0, 0, 0, 0, 0, 0, 0, 0, 0, 0, 0, 0, 0, 0, 0, 0, 0, 0, 0, 0, 0, 0, 0, 0, 0, 0, 0, 0, 0, 0, 0, 0, 0, 0, 0, 0, 0, 0, 0, 0, 0, 0, 0, 0, 0, 0, 0, 0, 0, 0, 0, 0, 0, 0, 0, 0, 0, 0, 0, 0, 0, 0, 0, 0, 0, 0, 0, 0, 0, 0, 0, 0, 0, 0, 0, 0, 0, 0, 0, 0, 0, 0, 0, 0, 0, 0, 0, 0, 0, 0, 0, 0, 0, 0, 0, 0, 0, 0, 0, 0, 0, 0, 0, 0, 0, 0, 0, 0, 0, 0, 0, 0, 0, 0, 0, 0, 0, 0, 0, 0, 0, 0, 0, 0, 0, 0, 0, 0, 0, 0, 0, 0, 0, 0, 0, 0, 0, 0, 0, 0, 0, 0, 0, 0, 0, 0, 0, 0, 0, 0, 0, 0, 0, 0, 0, 0, 0, 0, 0, 0, 0, 0, 0, 0, 0, 0, 0, 0, 0, 0, 0, 0, 0, 0, 0, 0, 0, 0, 0, 0, 0, 0, 0, 0, 0, 0, 0, 0, 0, 0, 0, 0, 0, 0, 0, 0, 0, 0, 0, 0, 0, 0, 0, 0, 0, 0, 0, 0, 0, 0, 0, 0, 0, 0, 0, 0, 0, 0, 0, 0, 0, 0, 0, 0, 0, 0, 0, 0, 0, 0, 0, 0, 0, 0, 0, 0, 0, 0, 0, 0, 0, 0, 0, 0, 0, 0, 0, 0, 0, 0, 0, 0, 0, 0, 0, 0, 0, 0, 0, 0, 0, 0, 0, 0, 0, 0, 0, 0, 0, 0, 0, 0, 0, 0, 0, 0, 0, 0, 0, 0, 0, 0, 0, 0, 0, 0, 0, 0, 0, 0, 0, 0, 0, 0, 0, 0, 0, 0, 0, 0, 0
-
-
 
MEASUREMENT 8
1.56305, 4.67879, 7.79453, 10.9103, 14.0312, 17.1469, 20.2679, 23.3784, 26.4796, 29.5859, 32.6913, 35.8071, 38.9228, 42.0385, 45.1595, 48.2752, 51.3909, 54.5067, 57.6224, 60.7381, 63.8435, 66.9593, 70.0698, 73.1752, 76.2806, 79.3859, 82.4913, 85.5967, 88.7021, 91.8074, 94.9128, 98.0182, 101.1, 104.148, 107.196, 110.244, 113.292, 116.339, 119.387, 122.435, 125.483, 128.531, 131.574, 134.622, 137.67, 140.718, 143.766, 146.814, 149.861, 152.909, 155.957, 159.005, 162.053, 165.101, 168.149, 171.197, 174.245, 177.293, 180.341, 183.389, 186.436, 189.484, 192.532, 195.58
5.16066, 4.9657, 4.94755, 5.14789, 4.97516, 5.03396, 5.30963, 5.33103, 5.33099, 5.32595, 5.43894, 5.54329, 5.6098, 5.63987, 5.71278, 5.87938, 5.99933, 5.9629, 6.37135, 6.27818, 5.56267, 6.14945, 6.35073, 6.18648, 6.54392, 6.5766, 6.67119, 6.68788, 6.85062, 6.1712, 7.08943, 5.79357, 7.03381, 7.09663, 7.27894, 7.57126, 7.66107, 7.89269, 8.21733, 8.35969, 8.65981, 9.16481, 9.79194, 10.3079, 11.2183, 12.5944, 14.7879, 17.0001, 12.3714, 3.16543, 0.190072, 0.0357965, 0.020694, 0.0178593, 0.0162823, 0.0185745, 0.0145754, 0.0122844, 0.0129687, 0.0140688, 0.0151183, 0.0128136, 0.0163297, 0.123813
0.15482, 0.148971, 0.148427, 0.154437, 0.149255, 0.151019, 0.159289, 0.159931, 0.15993, 0.159778, 0.163168, 0.166299, 0.168294, 0.169196, 0.171383, 0.176381, 0.17998, 0.178887, 0.19114, 0.188345, 0.16688, 0.184484, 0.190522, 0.185594, 0.196317, 0.197298, 0.200136, 0.200636, 0.205519, 0.185136, 0.212683, 0.173807, 0.211014, 0.212899, 0.218368, 0.227138, 0.229832, 0.236781, 0.24652, 0.250791, 0.259794, 0.274944, 0.293758, 0.309236, 0.336548, 0.377832, 0.443638, 0.510004, 0.371142, 0.0949628, 0.00570216, 0.00107389, 0.000620821, 0.00053578, 0.000488469, 0.000557234, 0.000437262, 0.000368533, 0.000389061, 0.000422065, 0.000453549, 0.000384408, 0.00048989, 0.00371439
0, 0.615951, 1.2319, 1.84785, 2.4638, 3.07975, 3.6957, 4.31165, 4.9276, 5.54356, 6.15951, 6.77546, 7.39141, 8.00736, 8.62331, 9.23926, 9.85521, 10.4712, 11.0871, 11.7031, 12.319, 12.935, 13.5509, 14.1669, 14.7828, 15.3988, 16.0147, 16.6307, 17.2466, 17.8626, 18.4785, 19.0945, 19.7104, 20.3264, 20.9423, 21.5583, 22.1742, 22.7902, 23.4061, 24.0221, 24.638, 25.254, 25.8699, 26.4859, 27.1018, 27.7178, 28.3337, 28.9497, 29.5656, 30.1816, 30.7975, 31.4135, 32.0294, 32.6454, 33.2613, 33.8773, 34.4932, 35.1092, 35.7251, 36.3411, 36.957, 37.573, 38.1889, 38.8049, 39.4208, 40.0368, 40.6527, 41.2687, 41.8846, 42.5006, 43.1165, 43.7325, 44.3484, 44.9644, 45.5803, 46.1963, 46.8122, 47.4282, 48.0441, 48.6601, 49.276, 49.892, 50.5079, 51.1239, 51.7399, 52.3558, 52.9718, 53.5877, 54.2037, 54.8196, 55.4356, 56.0515, 56.6675, 57.2834, 57.8994, 58.5153, 59.1313, 59.7472, 60.3632, 60.9791, 61.5951, 62.211, 62.827, 63.4429, 64.0589, 64.6748, 65.2908, 65.9067, 66.5227, 67.1386, 67.7546, 68.3705, 68.9865, 69.6024, 70.2184, 70.8343, 71.4503, 72.0662, 72.6822, 73.2981, 73.9141, 74.53, 75.146, 75.7619, 76.3779, 76.9938, 77.6098, 78.2257, 78.8417, 79.4576, 80.0736, 80.6895, 81.3055, 81.9214, 82.5374, 83.1533, 83.7693, 84.3852, 85.0012, 85.6171, 86.2331, 86.849, 87.465, 88.0809, 88.6969, 89.3128, 89.9288, 90.5447, 91.1607, 91.7766, 92.3926, 93.0085, 93.6245, 94.2404, 94.8564, 95.4723, 96.0883, 96.7042, 97.3202, 97.9361, 98.5521, 99.168, 99.784, 100.4, 101.016, 101.632, 102.248, 102.864, 103.48, 104.096, 104.712, 105.328, 105.944, 106.559, 107.175, 107.791, 108.407, 109.023, 109.639, 110.255, 110.871, 111.487, 112.103, 112.719, 113.335, 113.951, 114.567, 115.183, 115.799, 116.415, 117.031, 117.647, 118.263, 118.878, 119.494, 120.11, 120.726, 121.342, 121.958, 122.574, 123.19, 123.806, 124.422, 125.038, 125.654, 126.27, 126.886, 127.502, 128.118, 128.734, 129.35, 129.966, 130.582, 131.197, 131.813, 132.429, 133.045, 133.661, 134.277, 134.893, 135.509, 136.125, 136.741, 137.357, 137.973, 138.589, 139.205, 139.821, 140.437, 141.053, 141.669, 142.285, 142.901, 143.516, 144.132, 144.748, 145.364, 145.98, 146.596, 147.212, 147.828, 148.444, 149.06, 149.676, 150.292, 150.908, 151.524, 152.14, 152.756, 153.372, 153.988, 154.604, 155.22, 155.836, 156.451, 157.067, 157.683, 158.299, 158.915, 159.531, 160.147, 160.763, 161.379, 161.995, 162.611, 163.227, 163.843, 164.459, 165.075, 165.691, 166.307, 166.923, 167.539, 168.155, 168.77, 169.386, 170.002, 170.618, 171.234, 171.85, 172.466, 173.082, 173.698, 174.314, 174.93, 175.546, 176.162, 176.778, 177.394, 178.01, 178.626, 179.242, 179.858, 180.474, 181.089, 181.705, 182.321, 182.937, 183.553, 184.169, 184.785, 185.401, 186.017, 186.633, 187.249, 187.865, 188.481, 189.097, 189.713, 190.329, 190.945, 191.561, 192.177, 192.793, 193.408, 194.024, 194.64, 195.256, 195.872, 196.488
4.81616, 4.81934, 4.82255, 4.82579, 4.82906, 4.83237, 4.83571, 4.83908, 4.84249, 4.84593, 4.84941, 4.85292, 4.85646, 4.86005, 4.86366, 4.86732, 4.87101, 4.87474, 4.87851, 4.88231, 4.88616, 4.89004, 4.89396, 4.89793, 4.90193, 4.90598, 4.91006, 4.91419, 4.91836, 4.92258, 4.92684, 4.93114, 4.93548, 4.93988, 4.94432, 4.9488, 4.95333, 4.95791, 4.96254, 4.96722, 4.97194, 4.97672, 4.98154, 4.98642, 4.99135, 4.99634, 5.00137, 5.00646, 5.01161, 5.01681, 5.02207, 5.02738, 5.03275, 5.03818, 5.04367, 5.04922, 5.05483, 5.06051, 5.06624, 5.07204, 5.07791, 5.08384, 5.08983, 5.0959, 5.10203, 5.10823, 5.1145, 5.12084, 5.12726, 5.13374, 5.14031, 5.14694, 5.15366, 5.16045, 5.16733, 5.17428, 5.18131, 5.18843, 5.19563, 5.20292, 5.21029, 5.21775, 5.2253, 5.23294, 5.24068, 5.2485, 5.25643, 5.26445, 5.27257, 5.28078, 5.28911, 5.29753, 5.30606, 5.3147, 5.32344, 5.3323, 5.34127, 5.35035, 5.35956, 5.36888, 5.37832, 5.38788, 5.39757, 5.40739, 5.41734, 5.42742, 5.43763, 5.44798, 5.45848, 5.46911, 5.47989, 5.49082, 5.5019, 5.51313, 5.52452, 5.53607, 5.54779, 5.55967, 5.57172, 5.58394, 5.59635, 5.60893, 5.6217, 5.63465, 5.6478, 5.66114, 5.67469, 5.68844, 5.7024, 5.71658, 5.73098, 5.74559, 5.76044, 5.77553, 5.79085, 5.80642, 5.82225, 5.83833, 5.85467, 5.87128, 5.88818, 5.90535, 5.92282, 5.94058, 5.95866, 5.97704, 5.99575, 6.01479, 6.03417, 6.0539, 6.07398, 6.09444, 6.11527, 6.13649, 6.15811, 6.18015, 6.20261, 6.2255, 6.24885, 6.27265, 6.29694, 6.32171, 6.347, 6.3728, 6.39915, 6.42606, 6.45354, 6.48161, 6.51031, 6.53964, 6.56963, 6.6003, 6.63168, 6.66379, 6.69666, 6.73032, 6.7648, 6.80012, 6.83633, 6.87346, 6.91155, 6.95063, 6.99074, 7.03194, 7.07427, 7.11777, 7.16251, 7.20853, 7.2559, 7.30468, 7.35494, 7.40676, 7.46021, 7.51538, 7.57235, 7.63123, 7.69212, 7.75514, 7.82041, 7.88805, 7.95823, 8.03108, 8.1068, 8.18556, 8.26758, 8.35307, 8.4423, 8.53554, 8.63309, 8.73531, 8.84257, 8.9553, 9.07394, 9.19916, 9.33152, 9.47175, 9.62068, 9.77928, 9.9487, 10.1303, 10.3257, 10.5369, 10.7664, 11.0173, 11.2936, 11.6004, 11.9444, 12.3337, 12.7781, 13.2882, 13.8734, 14.539, 15.2806, 16.0784, 16.8909, 17.6511, 18.2679, 18.6343, 18.6432, 18.2083, 17.2857, 15.8875, 14.0894, 12.0446, 9.89045, 7.78665, 5.86855, 4.22871, 2.91024, 1.91126, 1.19694, 0.714371, 0.406124, 0.219833, 0.113258, 0.0555199, 0.0258885, 0.0114791, 0.00483801, 0.00193643, 0.000734273, 0.000261624, 8.47101e-05, 1.98897e-05, 4.67184e-06, 1.40374e-06, 4.01192e-07, 1.08832e-07, 2.8022e-08, 6.84825e-09, 1.58854e-09, 3.49748e-10, 7.30887e-11, 1.44972e-11, 2.72932e-12, 4.87712e-13, 8.27199e-14, 1.33167e-14, 2.03478e-15, 2.95107e-16, 4.06236e-17, 5.30781e-18, 6.58249e-19, 7.74824e-20, 8.65673e-21, 9.18e-22, 9.23994e-23, 8.82741e-24, 8.00453e-25, 6.88931e-26, 5.62799e-27, 4.36385e-28, 3.21161e-29, 2.24344e-30, 1.48745e-31, 9.36073e-33, 5.59132e-34, 3.16998e-35, 1.70583e-36, 8.71272e-38, 4.22386e-39, 1.94358e-40, 8.48853e-42, 3.51885e-43, 1.38454e-44, 5.17071e-46, 1.83287e-47, 6.16665e-49, 1.96927e-50, 5.96896e-52, 1.71724e-53, 4.6892e-55, 1.21536e-56, 2.98984e-58, 6.98118e-60, 1.5472e-61, 3.25464e-63, 6.49825e-65, 1.23148e-66, 2.21511e-68
4.81616, 4.81934, 4.82255, 4.82579, 4.82906, 4.83237, 4.83571, 4.83908, 4.84249, 4.84593, 4.84941, 4.85292, 4.85646, 4.86004, 4.86366, 4.86732, 4.87101, 4.87474, 4.8785, 4.88231, 4.88615, 4.89004, 4.89396, 4.89792, 4.90193, 4.90597, 4.91006, 4.91419, 4.91836, 4.92257, 4.92683, 4.93113, 4.93548, 4.93987, 4.94431, 4.94879, 4.95333, 4.95791, 4.96253, 4.96721, 4.97194, 4.97671, 4.98154, 4.98642, 4.99135, 4.99633, 5.00136, 5.00645, 5.0116, 5.0168, 5.02206, 5.02737, 5.03274, 5.03817, 5.04366, 5.04921, 5.05482, 5.0605, 5.06623, 5.07203, 5.07789, 5.08382, 5.08982, 5.09588, 5.10201, 5.10821, 5.11449, 5.12083, 5.12724, 5.13373, 5.14029, 5.14693, 5.15364, 5.16044, 5.16731, 5.17426, 5.18129, 5.18841, 5.19561, 5.2029, 5.21027, 5.21773, 5.22528, 5.23292, 5.24066, 5.24848, 5.25641, 5.26443, 5.27254, 5.28076, 5.28908, 5.29751, 5.30604, 5.31467, 5.32342, 5.33228, 5.34125, 5.35033, 5.35953, 5.36885, 5.37829, 5.38785, 5.39754, 5.40736, 5.41731, 5.42739, 5.4376, 5.44795, 5.45844, 5.46908, 5.47986, 5.49079, 5.50187, 5.5131, 5.52449, 5.53604, 5.54775, 5.55963, 5.57168, 5.58391, 5.59631, 5.60889, 5.62165, 5.63461, 5.64776, 5.6611, 5.67465, 5.6884, 5.70236, 5.71653, 5.73093, 5.74555, 5.76039, 5.77548, 5.7908, 5.80637, 5.82219, 5.83827, 5.85461, 5.87123, 5.88812, 5.90529, 5.92276, 5.94052, 5.95859, 5.97698, 5.99568, 6.01472, 6.0341, 6.05383, 6.07391, 6.09436, 6.11519, 6.13641, 6.15804, 6.18007, 6.20252, 6.22542, 6.24876, 6.27256, 6.29685, 6.32162, 6.3469, 6.37271, 6.39905, 6.42596, 6.45343, 6.48151, 6.5102, 6.53953, 6.56951, 6.60018, 6.63156, 6.66367, 6.69653, 6.73019, 6.76466, 6.79999, 6.83619, 6.87332, 6.9114, 6.95047, 6.99059, 7.03178, 7.0741, 7.1176, 7.16233, 7.20835, 7.25571, 7.30449, 7.35474, 7.40655, 7.46, 7.51516, 7.57212, 7.631, 7.69188, 7.75489, 7.82014, 7.88778, 7.95794, 8.03079, 8.10649, 8.18524, 8.26724, 8.35272, 8.44194, 8.53516, 8.63269, 8.73489, 8.84213, 8.95484, 9.07352, 9.19871, 9.33104, 9.47123, 9.62013, 9.77869, 9.94807, 10.1296, 10.325, 10.5361, 10.7655, 11.0163, 11.2925, 11.5992, 11.9431, 12.3322, 12.7764, 13.2863, 13.8712, 14.5364, 15.2776, 16.0748, 16.8867, 17.6464, 18.2628, 18.6291, 18.6387, 18.2057, 17.2872, 15.8976, 14.1135, 12.063, 9.90391, 7.79619, 5.87506, 4.23298, 2.91293, 1.91289, 1.19788, 0.714892, 0.4064, 0.219973, 0.113326, 0.0555511, 0.0259022, 0.0114849, 0.00484031, 0.00193731, 0.000734576, 0.000261852, 8.47339e-05, 1.98862e-05, 4.66217e-06, 1.40383e-06, 4.01219e-07, 1.08839e-07, 2.80239e-08, 6.84872e-09, 1.58865e-09, 3.49772e-10, 7.30936e-11, 1.44981e-11, 2.7295e-12, 4.87744e-13, 8.27255e-14, 1.33175e-14, 2.03492e-15, 2.95127e-16, 4.06263e-17, 5.30816e-18, 6.58293e-19, 7.74875e-20, 8.6573e-21, 9.1806e-22, 9.24054e-23, 8.82799e-24, 8.00505e-25, 6.88976e-26, 5.62836e-27, 4.36413e-28, 3.21182e-29, 2.24358e-30, 1.48755e-31, 9.36133e-33, 5.59167e-34, 3.17018e-35, 1.70594e-36, 8.71327e-38, 4.22412e-39, 1.9437e-40, 8.48906e-42, 3.51907e-43, 1.38463e-44, 5.17102e-46, 1.83298e-47, 6.16703e-49, 1.96939e-50, 5.96932e-52, 1.71734e-53, 4.68948e-55, 1.21543e-56, 2.99002e-58, 6.9816e-60, 1.5473e-61, 3.25484e-63, 6.49864e-65, 1.23155e-66, 2.21524e-68
148.81
145.42
 
MEASUREMENT 9
1.56305, 4.67879, 7.79453, 10.9103, 14.0312, 17.1469, 20.2679, 23.3784, 26.4796, 29.5859, 32.6913, 35.8071, 38.9228, 42.0385, 45.1595, 48.2752, 51.3909, 54.5067, 57.6224, 60.7381, 63.8435, 66.9593, 70.0698, 73.1752, 76.2806, 79.3859, 82.4913, 85.5967, 88.7021, 91.8074, 94.9128, 98.0182, 101.1, 104.148, 107.196, 110.244, 113.292, 116.339, 119.387, 122.435, 125.483, 128.531, 131.574, 134.622, 137.67, 140.718, 143.766, 146.814, 149.861, 152.909, 155.957, 159.005, 162.053, 165.101, 168.149, 171.197, 174.245, 177.293, 180.341, 183.389, 186.436, 189.484, 192.532, 195.58
5.16117, 4.96706, 4.949, 5.14932, 4.97625, 5.03412, 5.31093, 5.33123, 5.33383, 5.32781, 5.44085, 5.54439, 5.61126, 5.64066, 5.71427, 5.88097, 6.00083, 5.96389, 6.37357, 6.28004, 5.56447, 6.14995, 6.35235, 6.18781, 6.54526, 6.57917, 6.67381, 6.69084, 6.8526, 6.17095, 7.09225, 5.79389, 7.03509, 7.09834, 7.28041, 7.57316, 7.66331, 7.8949, 8.21994, 8.36195, 8.66226, 9.16846, 9.79608, 10.312, 11.2241, 12.6001, 14.7941, 17.0071, 12.3749, 3.16477, 0.18994, 0.0357476, 0.0206716, 0.0179104, 0.016302, 0.0183067, 0.0145774, 0.0123251, 0.0130616, 0.0143015, 0.0149034, 0.0126919, 0.016599, 0.122946
0.154835, 0.149012, 0.14847, 0.15448, 0.149288, 0.151023, 0.159328, 0.159937, 0.160015, 0.159834, 0.163225, 0.166332, 0.168338, 0.16922, 0.171428, 0.176429, 0.180025, 0.178917, 0.191207, 0.188401, 0.166934, 0.184499, 0.19057, 0.185634, 0.196358, 0.197375, 0.200214, 0.200725, 0.205578, 0.185129, 0.212767, 0.173817, 0.211053, 0.21295, 0.218412, 0.227195, 0.229899, 0.236847, 0.246598, 0.250858, 0.259868, 0.275054, 0.293882, 0.30936, 0.336722, 0.378002, 0.443823, 0.510214, 0.371248, 0.0949431, 0.00569821, 0.00107243, 0.000620148, 0.000537313, 0.000489059, 0.0005492, 0.000437323, 0.000369752, 0.000391849, 0.000429046, 0.000447102, 0.000380757, 0.000497971, 0.00368839
0, 0.615951, 1.2319, 1.84785, 2.4638, 3.07975, 3.6957, 4.31165, 4.9276, 5.54356, 6.15951, 6.77546, 7.39141, 8.00736, 8.62331, 9.23926, 9.85521, 10.4712, 11.0871, 11.7031, 12.319, 12.935, 13.5509, 14.1669, 14.7828, 15.3988, 16.0147, 16.6307, 17.2466, 17.8626, 18.4785, 19.0945, 19.7104, 20.3264, 20.9423, 21.5583, 22.1742, 22.7902, 23.4061, 24.0221, 24.638, 25.254, 25.8699, 26.4859, 27.1018, 27.7178, 28.3337, 28.9497, 29.5656, 30.1816, 30.7975, 31.4135, 32.0294, 32.6454, 33.2613, 33.8773, 34.4932, 35.1092, 35.7251, 36.3411, 36.957, 37.573, 38.1889, 38.8049, 39.4208, 40.0368, 40.6527, 41.2687, 41.8846, 42.5006, 43.1165, 43.7325, 44.3484, 44.9644, 45.5803, 46.1963, 46.8122, 47.4282, 48.0441, 48.6601, 49.276, 49.892, 50.5079, 51.1239, 51.7399, 52.3558, 52.9718, 53.5877, 54.2037, 54.8196, 55.4356, 56.0515, 56.6675, 57.2834, 57.8994, 58.5153, 59.1313, 59.7472, 60.3632, 60.9791, 61.5951, 62.211, 62.827, 63.4429, 64.0589, 64.6748, 65.2908, 65.9067, 66.5227, 67.1386, 67.7546, 68.3705, 68.9865, 69.6024, 70.2184, 70.8343, 71.4503, 72.0662, 72.6822, 73.2981, 73.9141, 74.53, 75.146, 75.7619, 76.3779, 76.9938, 77.6098, 78.2257, 78.8417, 79.4576, 80.0736, 80.6895, 81.3055, 81.9214, 82.5374, 83.1533, 83.7693, 84.3852, 85.0012, 85.6171, 86.2331, 86.849, 87.465, 88.0809, 88.6969, 89.3128, 89.9288, 90.5447, 91.1607, 91.7766, 92.3926, 93.0085, 93.6245, 94.2404, 94.8564, 95.4723, 96.0883, 96.7042, 97.3202, 97.9361, 98.5521, 99.168, 99.784, 100.4, 101.016, 101.632, 102.248, 102.864, 103.48, 104.096, 104.712, 105.328, 105.944, 106.559, 107.175, 107.791, 108.407, 109.023, 109.639, 110.255, 110.871, 111.487, 112.103, 112.719, 113.335, 113.951, 114.567, 115.183, 115.799, 116.415, 117.031, 117.647, 118.263, 118.878, 119.494, 120.11, 120.726, 121.342, 121.958, 122.574, 123.19, 123.806, 124.422, 125.038, 125.654, 126.27, 126.886, 127.502, 128.118, 128.734, 129.35, 129.966, 130.582, 131.197, 131.813, 132.429, 133.045, 133.661, 134.277, 134.893, 135.509, 136.125, 136.741, 137.357, 137.973, 138.589, 139.205, 139.821, 140.437, 141.053, 141.669, 142.285, 142.901, 143.516, 144.132, 144.748, 145.364, 145.98, 146.596, 147.212, 147.828, 148.444, 149.06, 149.676, 150.292, 150.908, 151.524, 152.14, 152.756, 153.372, 153.988, 154.604, 155.22, 155.836, 156.451, 157.067, 157.683, 158.299, 158.915, 159.531, 160.147, 160.763, 161.379, 161.995, 162.611, 163.227, 163.843, 164.459, 165.075, 165.691, 166.307, 166.923, 167.539, 168.155, 168.77, 169.386, 170.002, 170.618, 171.234, 171.85, 172.466, 173.082, 173.698, 174.314, 174.93, 175.546, 176.162, 176.778, 177.394, 178.01, 178.626, 179.242, 179.858, 180.474, 181.089, 181.705, 182.321, 182.937, 183.553, 184.169, 184.785, 185.401, 186.017, 186.633, 187.249, 187.865, 188.481, 189.097, 189.713, 190.329, 190.945, 191.561, 192.177, 192.793, 193.408, 194.024, 194.64, 195.256, 195.872, 196.488
0, 0, 0, 0, 0, 0, 0, 0, 0, 0, 0, 0, 0, 0, 0, 0, 0, 0, 0, 0, 0, 0, 0, 0, 0, 0, 0, 0, 0, 0, 0, 0, 0, 0, 0, 0, 0, 0, 0, 0, 0, 0, 0, 0, 0, 0, 0, 0, 0, 0, 0, 0, 0, 0, 0, 0, 0, 0, 0, 0, 0, 0, 0, 0, 0, 0, 0, 0, 0, 0, 0, 0, 0, 0, 0, 0, 0, 0, 0, 0, 0, 0, 0, 0, 0, 0, 0, 0, 0, 0, 0, 0, 0, 0, 0, 0, 0, 0, 0, 0, 0, 0, 0, 0, 0, 0, 0, 0, 0, 0, 0, 0, 0, 0, 0, 0, 0, 0, 0, 0, 0, 0, 0, 0, 0, 0, 0, 0, 0, 0, 0, 0, 0, 0, 0, 0, 0, 0, 0, 0, 0, 0, 0, 0, 0, 0, 0, 0, 0, 0, 0, 0, 0, 0, 0, 0, 0, 0, 0, 0, 0, 0, 0, 0, 0, 0, 0, 0, 0, 0, 0, 0, 0, 0, 0, 0, 0, 0, 0, 0, 0, 0, 0, 0, 0, 0, 0, 0, 0, 0, 0, 0, 0, 0, 0, 0, 0, 0, 0, 0, 0, 0, 0, 0, 0, 0, 0, 0, 0, 0, 0, 0, 0, 0, 0, 0, 0, 0, 0, 0, 0, 0, 0, 0, 0, 0, 0, 0, 0, 0, 0, 0, 0, 0, 0, 0, 0, 0, 0, 0, 0, 0, 0, 0, 0, 0, 0, 0, 0, 0, 0, 0, 0, 0, 0, 0, 0, 0, 0, 0, 0, 0, 0, 0, 0, 0, 0, 0, 0, 0, 0, 0, 0, 0, 0, 0, 0, 0, 0, 0, 0, 0, 0, 0, 0, 0, 0, 0, 0, 0, 0, 0, 0, 0, 0, 0, 0, 0, 0, 0, 0, 0, 0, 0, 0, 0, 0, 0, 0, 0, 0, 0, 0, 0, 0, 0, 0, 0, 0, 0
0, 0, 0, 0, 0, 0, 0, 0, 0, 0, 0, 0, 0, 0, 0, 0, 0, 0, 0, 0, 0, 0, 0, 0, 0, 0, 0, 0, 0, 0, 0, 0, 0, 0, 0, 0, 0, 0, 0, 0, 0, 0, 0, 0, 0, 0, 0, 0, 0, 0, 0, 0, 0, 0, 0, 0, 0, 0, 0, 0, 0, 0, 0, 0, 0, 0, 0, 0, 0, 0, 0, 0, 0, 0, 0, 0, 0, 0, 0, 0, 0, 0, 0, 0, 0, 0, 0, 0, 0, 0, 0, 0, 0, 0, 0, 0, 0, 0, 0, 0, 0, 0, 0, 0, 0, 0, 0, 0, 0, 0, 0, 0, 0, 0, 0, 0, 0, 0, 0, 0, 0, 0, 0, 0, 0, 0, 0, 0, 0, 0, 0, 0, 0, 0, 0, 0, 0, 0, 0, 0, 0, 0, 0, 0, 0, 0, 0, 0, 0, 0, 0, 0, 0, 0, 0, 0, 0, 0, 0, 0, 0, 0, 0, 0, 0, 0, 0, 0, 0, 0, 0, 0, 0, 0, 0, 0, 0, 0, 0, 0, 0, 0, 0, 0, 0, 0, 0, 0, 0, 0, 0, 0, 0, 0, 0, 0, 0, 0, 0, 0, 0, 0, 0, 0, 0, 0, 0, 0, 0, 0, 0, 0, 0, 0, 0, 0, 0, 0, 0, 0, 0, 0, 0, 0, 0, 0, 0, 0, 0, 0, 0, 0, 0, 0, 0, 0, 0, 0, 0, 0, 0, 0, 0, 0, 0, 0, 0, 0, 0, 0, 0, 0, 0, 0, 0, 0, 0, 0, 0, 0, 0, 0, 0, 0, 0, 0, 0, 0, 0, 0, 0, 0, 0, 0, 0, 0, 0, 0, 0, 0, 0, 0, 0, 0, 0, 0, 0, 0, 0, 0, 0, 0, 0, 0, 0, 0, 0, 0, 0, 0, 0, 0, 0, 0, 0, 0, 0, 0, 0, 0, 0, 0, 0, 0, 0, 0, 0, 0, 0, 0
-
-
 
MEASUREMENT 10
1.56305, 4.67879, 7.79453, 10.9103, 14.0312, 17.1469, 20.2679, 23.3784, 26.4796, 29.5859, 32.6913, 35.8071, 38.9228, 42.0385, 45.1595, 48.2752, 51.3909, 54.5067, 57.6224, 60.7381, 63.8435, 66.9593, 70.0698, 73.1752, 76.2806, 79.3859, 82.4913, 85.5967, 88.7021, 91.8074, 94.9128, 98.0182, 101.1, 104.148, 107.196, 110.244, 113.292, 116.339, 119.387, 122.435, 125.483, 128.531, 131.574, 134.622, 137.67, 140.718, 143.766, 146.814, 149.861, 152.909, 155.957, 159.005, 162.053, 165.101, 168.149, 171.197, 174.245, 177.293, 180.341, 183.389, 186.436, 189.484, 192.532, 195.58
5.16507, 4.96914, 4.9511, 5.15173, 4.97851, 5.03628, 5.31363, 5.33415, 5.33546, 5.33017, 5.44382, 5.54677, 5.61423, 5.64548, 5.71808, 5.88223, 6.00505, 5.96757, 6.37711, 6.28306, 5.56178, 6.15284, 6.35563, 6.18933, 6.54979, 6.58241, 6.67791, 6.69535, 6.8575, 6.17485, 7.09597, 5.79426, 7.03844, 7.10253, 7.28462, 7.57757, 7.6679, 7.89996, 8.22484, 8.36628, 8.66814, 9.17441, 9.80247, 10.3194, 11.2309, 12.608, 14.8025, 17.0202, 12.3865, 3.16841, 0.190006, 0.0358057, 0.0204866, 0.0179341, 0.016504, 0.0182948, 0.0145442, 0.012348, 0.013058, 0.0141693, 0.0150509, 0.0127633, 0.0163472, 0.121657
0.154952, 0.149074, 0.148533, 0.154552, 0.149355, 0.151088, 0.159409, 0.160024, 0.160064, 0.159905, 0.163315, 0.166403, 0.168427, 0.169365, 0.171543, 0.176467, 0.180152, 0.179027, 0.191313, 0.188492, 0.166854, 0.184585, 0.190669, 0.18568, 0.196494, 0.197472, 0.200337, 0.200861, 0.205725, 0.185245, 0.212879, 0.173828, 0.211153, 0.213076, 0.218539, 0.227327, 0.230037, 0.236999, 0.246745, 0.250988, 0.260044, 0.275232, 0.294074, 0.309581, 0.336926, 0.378239, 0.444075, 0.510605, 0.371595, 0.0950522, 0.00570017, 0.00107417, 0.000614599, 0.000538022, 0.00049512, 0.000548843, 0.000436327, 0.000370439, 0.00039174, 0.000425079, 0.000451526, 0.000382898, 0.000490416, 0.00364972
0, 0.615951, 1.2319, 1.84785, 2.4638, 3.07975, 3.6957, 4.31165, 4.9276, 5.54356, 6.15951, 6.77546, 7.39141, 8.00736, 8.62331, 9.23926, 9.85521, 10.4712, 11.0871, 11.7031, 12.319, 12.935, 13.5509, 14.1669, 14.7828, 15.3988, 16.0147, 16.6307, 17.2466, 17.8626, 18.4785, 19.0945, 19.7104, 20.3264, 20.9423, 21.5583, 22.1742, 22.7902, 23.4061, 24.0221, 24.638, 25.254, 25.8699, 26.4859, 27.1018, 27.7178, 28.3337, 28.9497, 29.5656, 30.1816, 30.7975, 31.4135, 32.0294, 32.6454, 33.2613, 33.8773, 34.4932, 35.1092, 35.7251, 36.3411, 36.957, 37.573, 38.1889, 38.8049, 39.4208, 40.0368, 40.6527, 41.2687, 41.8846, 42.5006, 43.1165, 43.7325, 44.3484, 44.9644, 45.5803, 46.1963, 46.8122, 47.4282, 48.0441, 48.6601, 49.276, 49.892, 50.5079, 51.1239, 51.7399, 52.3558, 52.9718, 53.5877, 54.2037, 54.8196, 55.4356, 56.0515, 56.6675, 57.2834, 57.8994, 58.5153, 59.1313, 59.7472, 60.3632, 60.9791, 61.5951, 62.211, 62.827, 63.4429, 64.0589, 64.6748, 65.2908, 65.9067, 66.5227, 67.1386, 67.7546, 68.3705, 68.9865, 69.6024, 70.2184, 70.8343, 71.4503, 72.0662, 72.6822, 73.2981, 73.9141, 74.53, 75.146, 75.7619, 76.3779, 76.9938, 77.6098, 78.2257, 78.8417, 79.4576, 80.0736, 80.6895, 81.3055, 81.9214, 82.5374, 83.1533, 83.7693, 84.3852, 85.0012, 85.6171, 86.2331, 86.849, 87.465, 88.0809, 88.6969, 89.3128, 89.9288, 90.5447, 91.1607, 91.7766, 92.3926, 93.0085, 93.6245, 94.2404, 94.8564, 95.4723, 96.0883, 96.7042, 97.3202, 97.9361, 98.5521, 99.168, 99.784, 100.4, 101.016, 101.632, 102.248, 102.864, 103.48, 104.096, 104.712, 105.328, 105.944, 106.559, 107.175, 107.791, 108.407, 109.023, 109.639, 110.255, 110.871, 111.487, 112.103, 112.719, 113.335, 113.951, 114.567, 115.183, 115.799, 116.415, 117.031, 117.647, 118.263, 118.878, 119.494, 120.11, 120.726, 121.342, 121.958, 122.574, 123.19, 123.806, 124.422, 125.038, 125.654, 126.27, 126.886, 127.502, 128.118, 128.734, 129.35, 129.966, 130.582, 131.197, 131.813, 132.429, 133.045, 133.661, 134.277, 134.893, 135.509, 136.125, 136.741, 137.357, 137.973, 138.589, 139.205, 139.821, 140.437, 141.053, 141.669, 142.285, 142.901, 143.516, 144.132, 144.748, 145.364, 145.98, 146.596, 147.212, 147.828, 148.444, 149.06, 149.676, 150.292, 150.908, 151.524, 152.14, 152.756, 153.372, 153.988, 154.604, 155.22, 155.836, 156.451, 157.067, 157.683, 158.299, 158.915, 159.531, 160.147, 160.763, 161.379, 161.995, 162.611, 163.227, 163.843, 164.459, 165.075, 165.691, 166.307, 166.923, 167.539, 168.155, 168.77, 169.386, 170.002, 170.618, 171.234, 171.85, 172.466, 173.082, 173.698, 174.314, 174.93, 175.546, 176.162, 176.778, 177.394, 178.01, 178.626, 179.242, 179.858, 180.474, 181.089, 181.705, 182.321, 182.937, 183.553, 184.169, 184.785, 185.401, 186.017, 186.633, 187.249, 187.865, 188.481, 189.097, 189.713, 190.329, 190.945, 191.561, 192.177, 192.793, 193.408, 194.024, 194.64, 195.256, 195.872, 196.488
4.82149, 4.82467, 4.82789, 4.83113, 4.83441, 4.83772, 4.84106, 4.84444, 4.84785, 4.85129, 4.85477, 4.85829, 4.86184, 4.86542, 4.86905, 4.8727, 4.8764, 4.88013, 4.8839, 4.88771, 4.89156, 4.89545, 4.89938, 4.90335, 4.90735, 4.9114, 4.91549, 4.91963, 4.9238, 4.92802, 4.93229, 4.93659, 4.94095, 4.94534, 4.94979, 4.95428, 4.95881, 4.9634, 4.96803, 4.97271, 4.97744, 4.98222, 4.98706, 4.99194, 4.99688, 5.00186, 5.00691, 5.012, 5.01715, 5.02236, 5.02762, 5.03294, 5.03832, 5.04376, 5.04925, 5.05481, 5.06043, 5.06611, 5.07185, 5.07765, 5.08352, 5.08946, 5.09546, 5.10153, 5.10767, 5.11388, 5.12016, 5.12651, 5.13293, 5.13942, 5.14599, 5.15264, 5.15936, 5.16616, 5.17304, 5.18, 5.18704, 5.19417, 5.20138, 5.20867, 5.21605, 5.22352, 5.23108, 5.23873, 5.24647, 5.25431, 5.26224, 5.27027, 5.2784, 5.28663, 5.29496, 5.30339, 5.31193, 5.32058, 5.32933, 5.3382, 5.34718, 5.35627, 5.36548, 5.37482, 5.38427, 5.39384, 5.40354, 5.41337, 5.42333, 5.43342, 5.44365, 5.45401, 5.46451, 5.47516, 5.48595, 5.49689, 5.50798, 5.51923, 5.53063, 5.5422, 5.55392, 5.56582, 5.57788, 5.59012, 5.60254, 5.61513, 5.62791, 5.64088, 5.65405, 5.6674, 5.68097, 5.69473, 5.70871, 5.7229, 5.73731, 5.75195, 5.76681, 5.78191, 5.79726, 5.81284, 5.82868, 5.84478, 5.86114, 5.87778, 5.89469, 5.91188, 5.92937, 5.94715, 5.96524, 5.98365, 6.00238, 6.02144, 6.04084, 6.06059, 6.0807, 6.10117, 6.12203, 6.14327, 6.16492, 6.18698, 6.20946, 6.23238, 6.25575, 6.27958, 6.30389, 6.3287, 6.35401, 6.37984, 6.40622, 6.43316, 6.46067, 6.48877, 6.5175, 6.54686, 6.57688, 6.60759, 6.639, 6.67115, 6.70405, 6.73775, 6.77227, 6.80763, 6.84388, 6.88105, 6.91918, 6.9583, 6.99846, 7.0397, 7.08207, 7.12563, 7.17041, 7.21648, 7.2639, 7.31274, 7.36306, 7.41493, 7.46844, 7.52366, 7.5807, 7.63964, 7.7006, 7.76369, 7.82902, 7.89674, 7.96699, 8.03993, 8.11573, 8.19457, 8.27668, 8.36226, 8.45159, 8.54492, 8.64258, 8.7449, 8.85228, 8.96513, 9.0839, 9.20925, 9.34175, 9.48212, 9.63121, 9.78997, 9.95957, 10.1413, 10.337, 10.5484, 10.7781, 11.0292, 11.3058, 11.6129, 11.9571, 12.3468, 12.7916, 13.3022, 13.888, 14.5543, 15.2969, 16.0959, 16.9097, 17.6715, 18.2898, 18.6575, 18.6671, 18.2323, 17.3087, 15.9086, 14.1076, 12.0594, 9.90169, 7.79452, 5.87353, 4.23147, 2.91146, 1.91154, 1.19674, 0.714006, 0.405759, 0.219542, 0.113055, 0.0553926, 0.0258151, 0.0114399, 0.00481844, 0.00192729, 0.000730268, 0.000259965, 8.40503e-05, 1.96036e-05, 4.63336e-06, 1.39091e-06, 3.97152e-07, 1.0763e-07, 2.76841e-08, 6.75849e-09, 1.56599e-09, 3.44388e-10, 7.18835e-11, 1.42407e-11, 2.67764e-12, 4.77853e-13, 8.0939e-14, 1.30119e-14, 1.98539e-15, 2.87522e-16, 3.952e-17, 5.15564e-18, 6.38366e-19, 7.50199e-20, 8.36767e-21, 8.85835e-22, 8.90064e-23, 8.4881e-24, 7.68281e-25, 6.6001e-26, 5.38147e-27, 4.16459e-28, 3.05889e-29, 2.13243e-30, 1.41094e-31, 8.86053e-33, 5.2812e-34, 2.98762e-35, 1.60413e-36, 8.17473e-38, 3.95391e-39, 1.8151e-40, 7.90854e-42, 3.27048e-43, 1.28365e-44, 4.78191e-46, 1.69074e-47, 5.67378e-49, 1.80713e-50, 5.46291e-52, 1.5674e-53, 4.26831e-55, 1.1032e-56, 2.70626e-58, 6.30094e-60, 1.39239e-61, 2.92037e-63, 5.81346e-65, 1.09838e-66, 1.96964e-68
4.82149, 4.82467, 4.82789, 4.83113, 4.83441, 4.83772, 4.84106, 4.84444, 4.84785, 4.85129, 4.85477, 4.85829, 4.86184, 4.86542, 4.86904, 4.8727, 4.8764, 4.88013, 4.8839, 4.88771, 4.89156, 4.89545, 4.89937, 4.90334, 4.90735, 4.9114, 4.91549, 4.91962, 4.9238, 4.92802, 4.93228, 4.93659, 4.94094, 4.94534, 4.94978, 4.95427, 4.95881, 4.96339, 4.96802, 4.97271, 4.97744, 4.98222, 4.98705, 4.99193, 4.99687, 5.00186, 5.0069, 5.01199, 5.01714, 5.02235, 5.02761, 5.03293, 5.03831, 5.04375, 5.04924, 5.0548, 5.06042, 5.06609, 5.07184, 5.07764, 5.08351, 5.08945, 5.09545, 5.10152, 5.10766, 5.11387, 5.12014, 5.12649, 5.13291, 5.13941, 5.14598, 5.15262, 5.15935, 5.16615, 5.17303, 5.17999, 5.18703, 5.19415, 5.20136, 5.20865, 5.21603, 5.2235, 5.23106, 5.23871, 5.24645, 5.25429, 5.26222, 5.27025, 5.27838, 5.2866, 5.29493, 5.30337, 5.31191, 5.32055, 5.32931, 5.33817, 5.34715, 5.35625, 5.36546, 5.37479, 5.38424, 5.39381, 5.40351, 5.41334, 5.4233, 5.43339, 5.44362, 5.45398, 5.46448, 5.47513, 5.48592, 5.49686, 5.50795, 5.5192, 5.5306, 5.54216, 5.55389, 5.56578, 5.57784, 5.59008, 5.6025, 5.61509, 5.62787, 5.64084, 5.654, 5.66736, 5.68092, 5.69469, 5.70866, 5.72285, 5.73726, 5.7519, 5.76676, 5.78186, 5.7972, 5.81279, 5.82863, 5.84473, 5.86109, 5.87772, 5.89463, 5.91182, 5.92931, 5.94709, 5.96518, 5.98358, 6.00231, 6.02137, 6.04077, 6.06052, 6.08062, 6.1011, 6.12195, 6.1432, 6.16484, 6.1869, 6.20938, 6.2323, 6.25566, 6.2795, 6.3038, 6.32861, 6.35392, 6.37975, 6.40612, 6.43305, 6.46056, 6.48867, 6.51739, 6.54675, 6.57677, 6.60747, 6.63888, 6.67102, 6.70393, 6.73762, 6.77213, 6.8075, 6.84374, 6.88091, 6.91903, 6.95815, 6.9983, 7.03954, 7.08191, 7.12546, 7.17023, 7.2163, 7.26372, 7.31255, 7.36286, 7.41472, 7.46822, 7.52344, 7.58047, 7.63941, 7.70036, 7.76343, 7.82876, 7.89647, 7.96671, 8.03963, 8.11542, 8.19425, 8.27634, 8.36191, 8.45122, 8.54454, 8.64218, 8.74449, 8.85184, 8.96467, 9.08347, 9.20879, 9.34126, 9.48161, 9.63066, 9.78938, 9.95893, 10.1407, 10.3362, 10.5476, 10.7772, 11.0283, 11.3047, 11.6117, 11.9558, 12.3453, 12.7899, 13.3002, 13.8858, 14.5517, 15.2938, 16.0922, 16.9055, 17.6667, 18.2847, 18.6523, 18.6626, 18.2297, 17.3102, 15.9187, 14.1317, 12.0778, 9.91516, 7.80406, 5.88004, 4.23573, 2.91415, 1.91317, 1.19768, 0.714526, 0.406035, 0.219681, 0.113123, 0.0554238, 0.0258288, 0.0114456, 0.00482074, 0.00192817, 0.000730569, 0.000260191, 8.40738e-05, 1.96003e-05, 4.62376e-06, 1.39101e-06, 3.97179e-07, 1.07637e-07, 2.7686e-08, 6.75895e-09, 1.5661e-09, 3.44412e-10, 7.18884e-11, 1.42416e-11, 2.67782e-12, 4.77886e-13, 8.09444e-14, 1.30128e-14, 1.98552e-15, 2.87541e-16, 3.95226e-17, 5.15598e-18, 6.38408e-19, 7.50249e-20, 8.36822e-21, 8.85893e-22, 8.90122e-23, 8.48866e-24, 7.68331e-25, 6.60053e-26, 5.38182e-27, 4.16486e-28, 3.05908e-29, 2.13257e-30, 1.41103e-31, 8.8611e-33, 5.28154e-34, 2.98781e-35, 1.60423e-36, 8.17524e-38, 3.95416e-39, 1.81522e-40, 7.90903e-42, 3.27068e-43, 1.28373e-44, 4.7822e-46, 1.69084e-47, 5.67413e-49, 1.80724e-50, 5.46324e-52, 1.5675e-53, 4.26857e-55, 1.10326e-56, 2.70642e-58, 6.30132e-60, 1.39248e-61, 2.92055e-63, 5.81381e-65, 1.09844e-66, 1.96976e-68
148.81
145.42
 
