UCL QuARC  
HEADERLINES: 13
Facility: TIFPA
Room: Gantry 1
Date: 2025-10-07
Time: 15:53:22
Energy: 148
Intensity: - 
Folder: TIFPA/20250930
Original data file: TIFPA/20250930/Raw/20250930_Run033_a_raw.txt
Data type: Fitted
Fit rate: 1Hz
 
MEASUREMENT 1
1.55269, 4.65806, 7.76344, 10.8688, 13.9742, 17.0796, 20.1849, 23.2903, 26.3957, 29.5011, 32.6116, 35.7273, 38.8327, 41.9485, 45.0642, 48.1799, 51.2957, 54.4114, 57.5323, 60.6481, 63.7638, 66.8796, 69.9849, 73.0913, 76.1925, 79.303, 82.4239, 85.5397, 88.6606, 91.7763, 94.8921, 98.0078, 101.095, 104.143, 107.191, 110.239, 113.286, 116.334, 119.382, 122.43, 125.478, 128.526, 131.574, 134.622, 137.67, 140.718, 143.766, 146.814, 149.861, 152.909, 155.957, 159.005, 162.053, 165.101, 168.144, 171.192, 174.24, 177.288, 180.336, 183.384, 186.431, 189.479, 192.527, 195.575
4.46212, 4.52649, 4.49856, 4.71687, 4.46964, 4.6387, 4.63014, 4.89734, 4.86356, 4.92262, 4.98527, 5.10227, 5.21165, 5.08629, 5.42843, 5.28235, 5.53638, 5.42121, 5.65526, 5.5965, 5.69067, 5.68574, 5.86493, 5.48841, 6.04023, 6.08373, 6.15918, 6.11946, 6.38564, 6.52219, 6.67379, 6.77803, 6.30392, 6.91857, 6.72469, 6.9146, 7.01576, 7.21144, 7.45329, 7.65292, 8.0383, 8.16339, 8.88271, 9.4401, 9.92287, 11.1369, 13.2345, 15.1966, 11.121, 2.96263, 0.184836, 0.0341294, 0.0202115, 0.0167233, 0.0140649, 0.0139126, 0.011098, 0.0112345, 0.0109536, 0.0136551, 0.0111304, 0.0130215, 0.0152465, 0.0142861
0.133863, 0.135795, 0.134957, 0.141506, 0.134089, 0.139161, 0.138904, 0.14692, 0.145907, 0.147679, 0.149558, 0.153068, 0.15635, 0.152589, 0.162853, 0.158471, 0.166092, 0.162636, 0.169658, 0.167895, 0.17072, 0.170572, 0.175948, 0.164652, 0.181207, 0.182512, 0.184775, 0.183584, 0.191569, 0.195666, 0.200214, 0.203341, 0.189118, 0.207557, 0.201741, 0.207438, 0.210473, 0.216343, 0.223599, 0.229588, 0.241149, 0.244902, 0.266481, 0.283203, 0.297686, 0.334106, 0.397036, 0.455898, 0.333629, 0.0888789, 0.00554508, 0.00102388, 0.000606346, 0.000501699, 0.000421948, 0.000417378, 0.00033294, 0.000337034, 0.000328607, 0.000409653, 0.000333912, 0.000390644, 0.000457396, 0.000428583
0, 0.615951, 1.2319, 1.84785, 2.4638, 3.07975, 3.6957, 4.31165, 4.9276, 5.54356, 6.15951, 6.77546, 7.39141, 8.00736, 8.62331, 9.23926, 9.85521, 10.4712, 11.0871, 11.7031, 12.319, 12.935, 13.5509, 14.1669, 14.7828, 15.3988, 16.0147, 16.6307, 17.2466, 17.8626, 18.4785, 19.0945, 19.7104, 20.3264, 20.9423, 21.5583, 22.1742, 22.7902, 23.4061, 24.0221, 24.638, 25.254, 25.8699, 26.4859, 27.1018, 27.7178, 28.3337, 28.9497, 29.5656, 30.1816, 30.7975, 31.4135, 32.0294, 32.6454, 33.2613, 33.8773, 34.4932, 35.1092, 35.7251, 36.3411, 36.957, 37.573, 38.1889, 38.8049, 39.4208, 40.0368, 40.6527, 41.2687, 41.8846, 42.5006, 43.1165, 43.7325, 44.3484, 44.9644, 45.5803, 46.1963, 46.8122, 47.4282, 48.0441, 48.6601, 49.276, 49.892, 50.5079, 51.1239, 51.7399, 52.3558, 52.9718, 53.5877, 54.2037, 54.8196, 55.4356, 56.0515, 56.6675, 57.2834, 57.8994, 58.5153, 59.1313, 59.7472, 60.3632, 60.9791, 61.5951, 62.211, 62.827, 63.4429, 64.0589, 64.6748, 65.2908, 65.9067, 66.5227, 67.1386, 67.7546, 68.3705, 68.9865, 69.6024, 70.2184, 70.8343, 71.4503, 72.0662, 72.6822, 73.2981, 73.9141, 74.53, 75.146, 75.7619, 76.3779, 76.9938, 77.6098, 78.2257, 78.8417, 79.4576, 80.0736, 80.6895, 81.3055, 81.9214, 82.5374, 83.1533, 83.7693, 84.3852, 85.0012, 85.6171, 86.2331, 86.849, 87.465, 88.0809, 88.6969, 89.3128, 89.9288, 90.5447, 91.1607, 91.7766, 92.3926, 93.0085, 93.6245, 94.2404, 94.8564, 95.4723, 96.0883, 96.7042, 97.3202, 97.9361, 98.5521, 99.168, 99.784, 100.4, 101.016, 101.632, 102.248, 102.864, 103.48, 104.096, 104.712, 105.328, 105.944, 106.559, 107.175, 107.791, 108.407, 109.023, 109.639, 110.255, 110.871, 111.487, 112.103, 112.719, 113.335, 113.951, 114.567, 115.183, 115.799, 116.415, 117.031, 117.647, 118.263, 118.878, 119.494, 120.11, 120.726, 121.342, 121.958, 122.574, 123.19, 123.806, 124.422, 125.038, 125.654, 126.27, 126.886, 127.502, 128.118, 128.734, 129.35, 129.966, 130.582, 131.197, 131.813, 132.429, 133.045, 133.661, 134.277, 134.893, 135.509, 136.125, 136.741, 137.357, 137.973, 138.589, 139.205, 139.821, 140.437, 141.053, 141.669, 142.285, 142.901, 143.516, 144.132, 144.748, 145.364, 145.98, 146.596, 147.212, 147.828, 148.444, 149.06, 149.676, 150.292, 150.908, 151.524, 152.14, 152.756, 153.372, 153.988, 154.604, 155.22, 155.836, 156.451, 157.067, 157.683, 158.299, 158.915, 159.531, 160.147, 160.763, 161.379, 161.995, 162.611, 163.227, 163.843, 164.459, 165.075, 165.691, 166.307, 166.923, 167.539, 168.155, 168.77, 169.386, 170.002, 170.618, 171.234, 171.85, 172.466, 173.082, 173.698, 174.314, 174.93, 175.546, 176.162, 176.778, 177.394, 178.01, 178.626, 179.242, 179.858, 180.474, 181.089, 181.705, 182.321, 182.937, 183.553, 184.169, 184.785, 185.401, 186.017, 186.633, 187.249, 187.865, 188.481, 189.097, 189.713, 190.329, 190.945, 191.561, 192.177, 192.793, 193.408, 194.024, 194.64, 195.256, 195.872, 196.488
4.32872, 4.33157, 4.33445, 4.33737, 4.34031, 4.34328, 4.34628, 4.34931, 4.35237, 4.35546, 4.35858, 4.36173, 4.36492, 4.36814, 4.37139, 4.37467, 4.37798, 4.38133, 4.38472, 4.38814, 4.39159, 4.39508, 4.3986, 4.40216, 4.40576, 4.40939, 4.41306, 4.41677, 4.42052, 4.4243, 4.42813, 4.43199, 4.4359, 4.43984, 4.44383, 4.44786, 4.45193, 4.45604, 4.4602, 4.4644, 4.46865, 4.47294, 4.47727, 4.48165, 4.48608, 4.49056, 4.49508, 4.49965, 4.50428, 4.50895, 4.51367, 4.51844, 4.52327, 4.52815, 4.53308, 4.53806, 4.5431, 4.5482, 4.55335, 4.55856, 4.56383, 4.56915, 4.57454, 4.57998, 4.58549, 4.59106, 4.59669, 4.60239, 4.60815, 4.61398, 4.61987, 4.62584, 4.63187, 4.63797, 4.64414, 4.65039, 4.6567, 4.6631, 4.66956, 4.67611, 4.68273, 4.68943, 4.69621, 4.70308, 4.71002, 4.71705, 4.72417, 4.73137, 4.73867, 4.74605, 4.75352, 4.76109, 4.76875, 4.77651, 4.78436, 4.79232, 4.80037, 4.80853, 4.8168, 4.82517, 4.83365, 4.84224, 4.85094, 4.85975, 4.86869, 4.87774, 4.88692, 4.89621, 4.90564, 4.91519, 4.92487, 4.93468, 4.94463, 4.95472, 4.96495, 4.97532, 4.98584, 4.99651, 5.00734, 5.01831, 5.02945, 5.04075, 5.05221, 5.06385, 5.07566, 5.08764, 5.09981, 5.11215, 5.12469, 5.13742, 5.15035, 5.16348, 5.17681, 5.19035, 5.20412, 5.2181, 5.2323, 5.24674, 5.26142, 5.27634, 5.29151, 5.30693, 5.32261, 5.33856, 5.35479, 5.3713, 5.3881, 5.40519, 5.42259, 5.4403, 5.45834, 5.4767, 5.4954, 5.51446, 5.53387, 5.55365, 5.57382, 5.59437, 5.61533, 5.6367, 5.6585, 5.68074, 5.70344, 5.72661, 5.75026, 5.77441, 5.79908, 5.82428, 5.85004, 5.87637, 5.90329, 5.93082, 5.95898, 5.9878, 6.01731, 6.04752, 6.07846, 6.11017, 6.14267, 6.17599, 6.21017, 6.24524, 6.28124, 6.31821, 6.35619, 6.39523, 6.43537, 6.47667, 6.51917, 6.56294, 6.60804, 6.65453, 6.70248, 6.75197, 6.80308, 6.8559, 6.91052, 6.96705, 7.02559, 7.08626, 7.1492, 7.21454, 7.28244, 7.35307, 7.42661, 7.50327, 7.58326, 7.66685, 7.7543, 7.84593, 7.94206, 8.0431, 8.14942, 8.26162, 8.38021, 8.50583, 8.63923, 8.78128, 8.93299, 9.09558, 9.27051, 9.45953, 9.66486, 9.88928, 10.1363, 10.4106, 10.7179, 11.0656, 11.4622, 11.9173, 12.4393, 13.0328, 13.6945, 14.4071, 15.1345, 15.8181, 16.3774, 16.7178, 16.7435, 16.3767, 15.5756, 14.3482, 12.757, 10.9387, 9.01315, 7.12302, 5.39089, 3.90224, 2.69879, 1.78177, 1.12214, 0.673742, 0.385457, 0.210042, 0.108975, 0.0538151, 0.0252875, 0.0113033, 0.00480425, 0.00194011, 0.00074283, 0.000267792, 8.84443e-05, 2.2684e-05, 4.89205e-06, 1.48583e-06, 4.29395e-07, 1.17822e-07, 3.06955e-08, 7.59285e-09, 1.78326e-09, 3.97654e-10, 8.4193e-11, 1.69249e-11, 3.23042e-12, 5.85424e-13, 1.00731e-13, 1.64564e-14, 2.55263e-15, 3.75942e-16, 5.25696e-17, 6.97956e-18, 8.79837e-19, 1.05307e-19, 1.19671e-20, 1.29123e-21, 1.32282e-22, 1.28669e-23, 1.18831e-24, 1.04199e-25, 8.67522e-27, 6.85766e-28, 5.14697e-29, 3.66781e-30, 2.48166e-31, 1.59426e-32, 9.72421e-34, 5.63158e-35, 3.09661e-36, 1.61667e-37, 8.01379e-39, 3.77167e-40, 1.68543e-41, 7.15097e-43, 2.88072e-44, 1.10183e-45, 4.0014e-47, 1.37971e-48, 4.51692e-50, 1.40403e-51, 4.14374e-53, 1.16115e-54, 3.08931e-56, 7.80397e-58, 1.87176e-59, 4.26249e-61, 9.21631e-63, 1.89204e-64, 3.68793e-66, 6.82521e-68
4.32872, 4.33157, 4.33445, 4.33737, 4.34031, 4.34328, 4.34628, 4.3493, 4.35236, 4.35546, 4.35858, 4.36173, 4.36492, 4.36813, 4.37138, 4.37467, 4.37798, 4.38133, 4.38472, 4.38813, 4.39159, 4.39507, 4.3986, 4.40216, 4.40576, 4.40939, 4.41306, 4.41677, 4.42051, 4.4243, 4.42813, 4.43199, 4.43589, 4.43984, 4.44383, 4.44785, 4.45193, 4.45604, 4.4602, 4.4644, 4.46864, 4.47293, 4.47727, 4.48165, 4.48608, 4.49055, 4.49507, 4.49965, 4.50427, 4.50894, 4.51366, 4.51843, 4.52326, 4.52814, 4.53307, 4.53805, 4.54309, 4.54819, 4.55334, 4.55855, 4.56382, 4.56914, 4.57453, 4.57997, 4.58548, 4.59105, 4.59668, 4.60238, 4.60814, 4.61397, 4.61986, 4.62582, 4.63185, 4.63796, 4.64413, 4.65037, 4.65669, 4.66308, 4.66955, 4.67609, 4.68271, 4.68942, 4.6962, 4.70306, 4.71001, 4.71704, 4.72415, 4.73135, 4.73865, 4.74603, 4.7535, 4.76107, 4.76873, 4.77648, 4.78434, 4.79229, 4.80035, 4.80851, 4.81677, 4.82514, 4.83362, 4.84221, 4.85091, 4.85973, 4.86866, 4.87771, 4.88689, 4.89618, 4.90561, 4.91516, 4.92484, 4.93465, 4.9446, 4.95469, 4.96492, 4.97529, 4.98581, 4.99648, 5.0073, 5.01828, 5.02941, 5.04071, 5.05218, 5.06381, 5.07562, 5.0876, 5.09976, 5.11211, 5.12465, 5.13738, 5.1503, 5.16343, 5.17676, 5.19031, 5.20407, 5.21805, 5.23226, 5.24669, 5.26137, 5.27629, 5.29145, 5.30687, 5.32256, 5.33851, 5.35473, 5.37124, 5.38804, 5.40513, 5.42253, 5.44024, 5.45827, 5.47663, 5.49534, 5.51439, 5.5338, 5.55358, 5.57374, 5.59429, 5.61525, 5.63662, 5.65842, 5.68066, 5.70336, 5.72652, 5.75017, 5.77432, 5.79899, 5.82419, 5.84994, 5.87627, 5.90318, 5.93071, 5.95887, 5.98769, 6.01719, 6.0474, 6.07834, 6.11005, 6.14254, 6.17586, 6.21003, 6.2451, 6.2811, 6.31807, 6.35604, 6.39508, 6.43521, 6.4765, 6.519, 6.56277, 6.60786, 6.65434, 6.70229, 6.75177, 6.80288, 6.85569, 6.9103, 6.96682, 7.02535, 7.08601, 7.14894, 7.21427, 7.28216, 7.35278, 7.42631, 7.50295, 7.58294, 7.66651, 7.75394, 7.84555, 7.94167, 8.04268, 8.14903, 8.26121, 8.37977, 8.50537, 8.63874, 8.78075, 8.93242, 9.09496, 9.26984, 9.45881, 9.66407, 9.88842, 10.1354, 10.4096, 10.7167, 11.0642, 11.4607, 11.9156, 12.4372, 13.0305, 13.6917, 14.4039, 15.1308, 15.8138, 16.3728, 16.7131, 16.7394, 16.3742, 15.5766, 14.3566, 12.7791, 10.9556, 9.02555, 7.13184, 5.39693, 3.90622, 2.70131, 1.7833, 1.12303, 0.674239, 0.385722, 0.210177, 0.109041, 0.0538456, 0.0253011, 0.011309, 0.00480656, 0.001941, 0.000743141, 0.000268032, 8.84703e-05, 2.26833e-05, 4.88193e-06, 1.48593e-06, 4.29425e-07, 1.1783e-07, 3.06976e-08, 7.59337e-09, 1.78338e-09, 3.97681e-10, 8.41987e-11, 1.69261e-11, 3.23064e-12, 5.85464e-13, 1.00738e-13, 1.64575e-14, 2.5528e-15, 3.75967e-16, 5.25731e-17, 6.98003e-18, 8.79895e-19, 1.05314e-19, 1.19679e-20, 1.29132e-21, 1.3229e-22, 1.28678e-23, 1.18839e-24, 1.04206e-25, 8.67578e-27, 6.8581e-28, 5.1473e-29, 3.66805e-30, 2.48182e-31, 1.59436e-32, 9.72483e-34, 5.63194e-35, 3.0968e-36, 1.61677e-37, 8.01429e-39, 3.77191e-40, 1.68553e-41, 7.15142e-43, 2.8809e-44, 1.1019e-45, 4.00164e-47, 1.37979e-48, 4.5172e-50, 1.40412e-51, 4.14399e-53, 1.16122e-54, 3.0895e-56, 7.80444e-58, 1.87187e-59, 4.26275e-61, 9.21686e-63, 1.89215e-64, 3.68815e-66, 6.82561e-68
148.84
145.44
 
MEASUREMENT 2
1.55269, 4.65806, 7.76344, 10.8688, 13.9742, 17.0796, 20.1849, 23.2903, 26.3957, 29.5011, 32.6116, 35.7273, 38.8327, 41.9485, 45.0642, 48.1799, 51.2957, 54.4114, 57.5323, 60.6481, 63.7638, 66.8796, 69.9849, 73.0913, 76.1925, 79.303, 82.4239, 85.5397, 88.6606, 91.7763, 94.8921, 98.0078, 101.095, 104.143, 107.191, 110.239, 113.286, 116.334, 119.382, 122.43, 125.478, 128.526, 131.574, 134.622, 137.67, 140.718, 143.766, 146.814, 149.861, 152.909, 155.957, 159.005, 162.053, 165.101, 168.144, 171.192, 174.24, 177.288, 180.336, 183.384, 186.431, 189.479, 192.527, 195.575
4.46363, 4.52831, 4.50046, 4.71874, 4.47135, 4.64166, 4.63219, 4.89941, 4.86677, 4.92481, 4.98956, 5.10645, 5.216, 5.09028, 5.43365, 5.28753, 5.54152, 5.42551, 5.6607, 5.60183, 5.6945, 5.68905, 5.87062, 5.48982, 6.04561, 6.08957, 6.165, 6.126, 6.39231, 6.52841, 6.68096, 6.78292, 6.30997, 6.92533, 6.73098, 6.92225, 7.02307, 7.2191, 7.4606, 7.66092, 8.04704, 8.17291, 8.89307, 9.45112, 9.93615, 11.152, 13.2541, 15.2232, 11.1399, 2.96603, 0.185118, 0.0341993, 0.0201725, 0.0165775, 0.014146, 0.014237, 0.0112076, 0.0112775, 0.0110197, 0.0136056, 0.0110927, 0.0130868, 0.0150355, 0.0142949
0.133909, 0.135849, 0.135014, 0.141562, 0.13414, 0.13925, 0.138966, 0.146982, 0.146003, 0.147744, 0.149687, 0.153193, 0.15648, 0.152709, 0.163009, 0.158626, 0.166246, 0.162765, 0.169821, 0.168055, 0.170835, 0.170672, 0.176118, 0.164695, 0.181368, 0.182687, 0.18495, 0.18378, 0.191769, 0.195852, 0.200429, 0.203488, 0.189299, 0.20776, 0.201929, 0.207668, 0.210692, 0.216573, 0.223818, 0.229828, 0.241411, 0.245187, 0.266792, 0.283534, 0.298085, 0.33456, 0.397622, 0.456697, 0.334198, 0.0889809, 0.00555353, 0.00102598, 0.000605176, 0.000497324, 0.000424381, 0.000427109, 0.000336227, 0.000338325, 0.000330591, 0.000408168, 0.00033278, 0.000392604, 0.000451066, 0.000428846
0, 0.615951, 1.2319, 1.84785, 2.4638, 3.07975, 3.6957, 4.31165, 4.9276, 5.54356, 6.15951, 6.77546, 7.39141, 8.00736, 8.62331, 9.23926, 9.85521, 10.4712, 11.0871, 11.7031, 12.319, 12.935, 13.5509, 14.1669, 14.7828, 15.3988, 16.0147, 16.6307, 17.2466, 17.8626, 18.4785, 19.0945, 19.7104, 20.3264, 20.9423, 21.5583, 22.1742, 22.7902, 23.4061, 24.0221, 24.638, 25.254, 25.8699, 26.4859, 27.1018, 27.7178, 28.3337, 28.9497, 29.5656, 30.1816, 30.7975, 31.4135, 32.0294, 32.6454, 33.2613, 33.8773, 34.4932, 35.1092, 35.7251, 36.3411, 36.957, 37.573, 38.1889, 38.8049, 39.4208, 40.0368, 40.6527, 41.2687, 41.8846, 42.5006, 43.1165, 43.7325, 44.3484, 44.9644, 45.5803, 46.1963, 46.8122, 47.4282, 48.0441, 48.6601, 49.276, 49.892, 50.5079, 51.1239, 51.7399, 52.3558, 52.9718, 53.5877, 54.2037, 54.8196, 55.4356, 56.0515, 56.6675, 57.2834, 57.8994, 58.5153, 59.1313, 59.7472, 60.3632, 60.9791, 61.5951, 62.211, 62.827, 63.4429, 64.0589, 64.6748, 65.2908, 65.9067, 66.5227, 67.1386, 67.7546, 68.3705, 68.9865, 69.6024, 70.2184, 70.8343, 71.4503, 72.0662, 72.6822, 73.2981, 73.9141, 74.53, 75.146, 75.7619, 76.3779, 76.9938, 77.6098, 78.2257, 78.8417, 79.4576, 80.0736, 80.6895, 81.3055, 81.9214, 82.5374, 83.1533, 83.7693, 84.3852, 85.0012, 85.6171, 86.2331, 86.849, 87.465, 88.0809, 88.6969, 89.3128, 89.9288, 90.5447, 91.1607, 91.7766, 92.3926, 93.0085, 93.6245, 94.2404, 94.8564, 95.4723, 96.0883, 96.7042, 97.3202, 97.9361, 98.5521, 99.168, 99.784, 100.4, 101.016, 101.632, 102.248, 102.864, 103.48, 104.096, 104.712, 105.328, 105.944, 106.559, 107.175, 107.791, 108.407, 109.023, 109.639, 110.255, 110.871, 111.487, 112.103, 112.719, 113.335, 113.951, 114.567, 115.183, 115.799, 116.415, 117.031, 117.647, 118.263, 118.878, 119.494, 120.11, 120.726, 121.342, 121.958, 122.574, 123.19, 123.806, 124.422, 125.038, 125.654, 126.27, 126.886, 127.502, 128.118, 128.734, 129.35, 129.966, 130.582, 131.197, 131.813, 132.429, 133.045, 133.661, 134.277, 134.893, 135.509, 136.125, 136.741, 137.357, 137.973, 138.589, 139.205, 139.821, 140.437, 141.053, 141.669, 142.285, 142.901, 143.516, 144.132, 144.748, 145.364, 145.98, 146.596, 147.212, 147.828, 148.444, 149.06, 149.676, 150.292, 150.908, 151.524, 152.14, 152.756, 153.372, 153.988, 154.604, 155.22, 155.836, 156.451, 157.067, 157.683, 158.299, 158.915, 159.531, 160.147, 160.763, 161.379, 161.995, 162.611, 163.227, 163.843, 164.459, 165.075, 165.691, 166.307, 166.923, 167.539, 168.155, 168.77, 169.386, 170.002, 170.618, 171.234, 171.85, 172.466, 173.082, 173.698, 174.314, 174.93, 175.546, 176.162, 176.778, 177.394, 178.01, 178.626, 179.242, 179.858, 180.474, 181.089, 181.705, 182.321, 182.937, 183.553, 184.169, 184.785, 185.401, 186.017, 186.633, 187.249, 187.865, 188.481, 189.097, 189.713, 190.329, 190.945, 191.561, 192.177, 192.793, 193.408, 194.024, 194.64, 195.256, 195.872, 196.488
4.33466, 4.33752, 4.3404, 4.34332, 4.34626, 4.34924, 4.35224, 4.35528, 4.35834, 4.36144, 4.36456, 4.36772, 4.37091, 4.37413, 4.37739, 4.38067, 4.38399, 4.38735, 4.39074, 4.39416, 4.39762, 4.40111, 4.40464, 4.4082, 4.4118, 4.41544, 4.41912, 4.42283, 4.42658, 4.43038, 4.43421, 4.43808, 4.44199, 4.44594, 4.44993, 4.45396, 4.45804, 4.46216, 4.46632, 4.47053, 4.47478, 4.47907, 4.48341, 4.4878, 4.49224, 4.49672, 4.50125, 4.50583, 4.51045, 4.51513, 4.51986, 4.52464, 4.52947, 4.53436, 4.53929, 4.54429, 4.54933, 4.55444, 4.5596, 4.56481, 4.57009, 4.57542, 4.58081, 4.58626, 4.59178, 4.59736, 4.603, 4.6087, 4.61447, 4.62031, 4.62621, 4.63218, 4.63822, 4.64433, 4.65051, 4.65676, 4.66309, 4.66949, 4.67597, 4.68252, 4.68915, 4.69586, 4.70265, 4.70952, 4.71648, 4.72352, 4.73064, 4.73786, 4.74516, 4.75255, 4.76003, 4.76761, 4.77528, 4.78305, 4.79092, 4.79888, 4.80695, 4.81512, 4.82339, 4.83178, 4.84027, 4.84887, 4.85758, 4.86641, 4.87536, 4.88442, 4.89361, 4.90292, 4.91235, 4.92192, 4.93161, 4.94144, 4.9514, 4.9615, 4.97175, 4.98213, 4.99267, 5.00335, 5.01419, 5.02518, 5.03633, 5.04765, 5.05913, 5.07078, 5.0826, 5.0946, 5.10678, 5.11915, 5.1317, 5.14445, 5.15739, 5.17054, 5.18389, 5.19745, 5.21123, 5.22523, 5.23946, 5.25391, 5.26861, 5.28355, 5.29874, 5.31418, 5.32988, 5.34586, 5.3621, 5.37863, 5.39545, 5.41257, 5.42999, 5.44773, 5.46579, 5.48418, 5.50291, 5.52198, 5.54142, 5.56123, 5.58142, 5.602, 5.62299, 5.64439, 5.66622, 5.68849, 5.71122, 5.73441, 5.7581, 5.78228, 5.80698, 5.83222, 5.85801, 5.88437, 5.91132, 5.93889, 5.96709, 5.99595, 6.02549, 6.05574, 6.08673, 6.11848, 6.15102, 6.18438, 6.21861, 6.25372, 6.28977, 6.32679, 6.36482, 6.40391, 6.4441, 6.48545, 6.52801, 6.57183, 6.61699, 6.66354, 6.71155, 6.76111, 6.81228, 6.86517, 6.91986, 6.97646, 7.03507, 7.09582, 7.15884, 7.22426, 7.29224, 7.36296, 7.43659, 7.51335, 7.59344, 7.67713, 7.76469, 7.85643, 7.95268, 8.05384, 8.16029, 8.27262, 8.39135, 8.51712, 8.65068, 8.79289, 8.94477, 9.10754, 9.28266, 9.47189, 9.67744, 9.90209, 10.1494, 10.4239, 10.7315, 11.0794, 11.4764, 11.9319, 12.4544, 13.0486, 13.7111, 14.4248, 15.1537, 15.8389, 16.4001, 16.7424, 16.7697, 16.4037, 15.6026, 14.3742, 12.7808, 10.9596, 9.03049, 7.13664, 5.40098, 3.90927, 2.70338, 1.78456, 1.12371, 0.674548, 0.385827, 0.210187, 0.109017, 0.0538174, 0.0252791, 0.0112949, 0.00479851, 0.00193684, 0.000741179, 0.000267028, 8.81106e-05, 2.25287e-05, 4.87076e-06, 1.47833e-06, 4.26912e-07, 1.1705e-07, 3.04697e-08, 7.5306e-09, 1.76708e-09, 3.93683e-10, 8.32724e-11, 1.67232e-11, 3.18863e-12, 5.77235e-13, 9.92123e-14, 1.61898e-14, 2.50833e-15, 3.68969e-16, 5.153e-17, 6.83274e-18, 8.60189e-19, 1.02815e-19, 1.16677e-20, 1.25712e-21, 1.28598e-22, 1.24897e-23, 1.1517e-24, 1.00829e-25, 8.38108e-27, 6.6142e-28, 4.95586e-29, 3.52553e-30, 2.38119e-31, 1.52696e-32, 9.29664e-34, 5.37389e-35, 2.94927e-36, 1.53676e-37, 7.60256e-39, 3.5709e-40, 1.59243e-41, 6.74229e-43, 2.7103e-44, 1.03441e-45, 3.74827e-47, 1.28954e-48, 4.21211e-50, 1.30626e-51, 3.84614e-53, 1.07518e-54, 2.85368e-56, 7.19103e-58, 1.72045e-59, 3.908e-61, 8.42815e-63, 1.72573e-64, 3.35489e-66, 6.19224e-68
4.33466, 4.33752, 4.3404, 4.34332, 4.34626, 4.34924, 4.35224, 4.35528, 4.35834, 4.36143, 4.36456, 4.36772, 4.37091, 4.37413, 4.37738, 4.38067, 4.38399, 4.38735, 4.39073, 4.39416, 4.39761, 4.40111, 4.40464, 4.4082, 4.4118, 4.41544, 4.41912, 4.42283, 4.42658, 4.43037, 4.4342, 4.43807, 4.44198, 4.44593, 4.44992, 4.45396, 4.45803, 4.46215, 4.46631, 4.47052, 4.47477, 4.47907, 4.48341, 4.4878, 4.49223, 4.49671, 4.50124, 4.50582, 4.51045, 4.51512, 4.51985, 4.52463, 4.52946, 4.53435, 4.53929, 4.54428, 4.54932, 4.55443, 4.55958, 4.5648, 4.57008, 4.57541, 4.5808, 4.58625, 4.59177, 4.59734, 4.60298, 4.60869, 4.61446, 4.62029, 4.6262, 4.63217, 4.6382, 4.64431, 4.65049, 4.65675, 4.66307, 4.66947, 4.67595, 4.6825, 4.68913, 4.69584, 4.70263, 4.70951, 4.71646, 4.7235, 4.73063, 4.73784, 4.74514, 4.75253, 4.76001, 4.76759, 4.77526, 4.78303, 4.79089, 4.79886, 4.80693, 4.8151, 4.82337, 4.83175, 4.84024, 4.84884, 4.85756, 4.86638, 4.87533, 4.88439, 4.89358, 4.90289, 4.91232, 4.92189, 4.93158, 4.94141, 4.95137, 4.96147, 4.97171, 4.9821, 4.99263, 5.00332, 5.01415, 5.02515, 5.0363, 5.04761, 5.05909, 5.07074, 5.08256, 5.09456, 5.10674, 5.11911, 5.13166, 5.1444, 5.15735, 5.17049, 5.18384, 5.19741, 5.21118, 5.22518, 5.23941, 5.25387, 5.26856, 5.2835, 5.29868, 5.31412, 5.32983, 5.3458, 5.36205, 5.37858, 5.39539, 5.41251, 5.42993, 5.44767, 5.46572, 5.48411, 5.50284, 5.52191, 5.54135, 5.56116, 5.58135, 5.60193, 5.62291, 5.64431, 5.66614, 5.68841, 5.71113, 5.73433, 5.75801, 5.78219, 5.80689, 5.83212, 5.85791, 5.88427, 5.91122, 5.93879, 5.96698, 5.99584, 6.02538, 6.05563, 6.08661, 6.11835, 6.15089, 6.18425, 6.21847, 6.25358, 6.28963, 6.32664, 6.36467, 6.40375, 6.44394, 6.48529, 6.52784, 6.57166, 6.61681, 6.66335, 6.71136, 6.76091, 6.81208, 6.86496, 6.91964, 6.97623, 7.03483, 7.09557, 7.15858, 7.22399, 7.29197, 7.36267, 7.43629, 7.51303, 7.59312, 7.67679, 7.76433, 7.85605, 7.95229, 8.05342, 8.1599, 8.27221, 8.39092, 8.51666, 8.65018, 8.79236, 8.9442, 9.10693, 9.282, 9.47117, 9.67665, 9.90123, 10.1484, 10.4229, 10.7303, 11.0781, 11.4749, 11.9302, 12.4524, 13.0462, 13.7083, 14.4216, 15.1499, 15.8347, 16.3955, 16.7377, 16.7656, 16.4012, 15.6036, 14.3826, 12.803, 10.9765, 9.04291, 7.14547, 5.40703, 3.91325, 2.7059, 1.78609, 1.1246, 0.675045, 0.386092, 0.210322, 0.109083, 0.0538479, 0.0252926, 0.0113006, 0.00480082, 0.00193773, 0.000741488, 0.000267267, 8.81365e-05, 2.25281e-05, 4.86068e-06, 1.47843e-06, 4.26942e-07, 1.17058e-07, 3.04718e-08, 7.53112e-09, 1.7672e-09, 3.93709e-10, 8.32781e-11, 1.67244e-11, 3.18885e-12, 5.77274e-13, 9.9219e-14, 1.61909e-14, 2.5085e-15, 3.68994e-16, 5.15335e-17, 6.83319e-18, 8.60246e-19, 1.02822e-19, 1.16685e-20, 1.2572e-21, 1.28606e-22, 1.24905e-23, 1.15177e-24, 1.00836e-25, 8.38162e-27, 6.61462e-28, 4.95617e-29, 3.52575e-30, 2.38134e-31, 1.52706e-32, 9.29723e-34, 5.37423e-35, 2.94946e-36, 1.53685e-37, 7.60303e-39, 3.57113e-40, 1.59253e-41, 6.74271e-43, 2.71047e-44, 1.03447e-45, 3.7485e-47, 1.28962e-48, 4.21237e-50, 1.30634e-51, 3.84637e-53, 1.07525e-54, 2.85385e-56, 7.19147e-58, 1.72055e-59, 3.90824e-61, 8.42866e-63, 1.72584e-64, 3.35509e-66, 6.19261e-68
148.85
145.44
 
MEASUREMENT 3
1.55269, 4.65806, 7.76344, 10.8688, 13.9742, 17.0796, 20.1849, 23.2903, 26.3957, 29.5011, 32.6116, 35.7273, 38.8327, 41.9485, 45.0642, 48.1799, 51.2957, 54.4114, 57.5323, 60.6481, 63.7638, 66.8796, 69.9849, 73.0913, 76.1925, 79.303, 82.4239, 85.5397, 88.6606, 91.7763, 94.8921, 98.0078, 101.095, 104.143, 107.191, 110.239, 113.286, 116.334, 119.382, 122.43, 125.478, 128.526, 131.574, 134.622, 137.67, 140.718, 143.766, 146.814, 149.861, 152.909, 155.957, 159.005, 162.053, 165.101, 168.144, 171.192, 174.24, 177.288, 180.336, 183.384, 186.431, 189.479, 192.527, 195.575
4.46368, 4.52953, 4.50168, 4.71984, 4.47198, 4.64234, 4.63342, 4.90118, 4.86784, 4.92619, 4.99243, 5.10785, 5.21868, 5.09095, 5.43737, 5.28894, 5.54513, 5.42806, 5.66484, 5.60544, 5.69763, 5.69184, 5.87466, 5.4915, 6.05, 6.09345, 6.16956, 6.13004, 6.3974, 6.53269, 6.68648, 6.78579, 6.31356, 6.92997, 6.73515, 6.92785, 7.02887, 7.2252, 7.46647, 7.66633, 8.05462, 8.17955, 8.90118, 9.46027, 9.94651, 11.1641, 13.2712, 15.2466, 11.1553, 2.96873, 0.185327, 0.034073, 0.0202798, 0.0166825, 0.0142957, 0.014167, 0.0111351, 0.0113826, 0.0109893, 0.01359, 0.011229, 0.0128671, 0.0152428, 0.0143788
0.13391, 0.135886, 0.13505, 0.141595, 0.134159, 0.13927, 0.139002, 0.147036, 0.146035, 0.147786, 0.149773, 0.153236, 0.15656, 0.152729, 0.163121, 0.158668, 0.166354, 0.162842, 0.169945, 0.168163, 0.170929, 0.170755, 0.17624, 0.164745, 0.1815, 0.182804, 0.185087, 0.183901, 0.191922, 0.195981, 0.200595, 0.203574, 0.189407, 0.207899, 0.202055, 0.207835, 0.210866, 0.216756, 0.223994, 0.22999, 0.241638, 0.245386, 0.267035, 0.283808, 0.298395, 0.334924, 0.398135, 0.457397, 0.334659, 0.0890619, 0.0055598, 0.00102219, 0.000608393, 0.000500476, 0.000428871, 0.00042501, 0.000334052, 0.000341478, 0.000329679, 0.0004077, 0.000336869, 0.000386012, 0.000457285, 0.000431363
0, 0.615951, 1.2319, 1.84785, 2.4638, 3.07975, 3.6957, 4.31165, 4.9276, 5.54356, 6.15951, 6.77546, 7.39141, 8.00736, 8.62331, 9.23926, 9.85521, 10.4712, 11.0871, 11.7031, 12.319, 12.935, 13.5509, 14.1669, 14.7828, 15.3988, 16.0147, 16.6307, 17.2466, 17.8626, 18.4785, 19.0945, 19.7104, 20.3264, 20.9423, 21.5583, 22.1742, 22.7902, 23.4061, 24.0221, 24.638, 25.254, 25.8699, 26.4859, 27.1018, 27.7178, 28.3337, 28.9497, 29.5656, 30.1816, 30.7975, 31.4135, 32.0294, 32.6454, 33.2613, 33.8773, 34.4932, 35.1092, 35.7251, 36.3411, 36.957, 37.573, 38.1889, 38.8049, 39.4208, 40.0368, 40.6527, 41.2687, 41.8846, 42.5006, 43.1165, 43.7325, 44.3484, 44.9644, 45.5803, 46.1963, 46.8122, 47.4282, 48.0441, 48.6601, 49.276, 49.892, 50.5079, 51.1239, 51.7399, 52.3558, 52.9718, 53.5877, 54.2037, 54.8196, 55.4356, 56.0515, 56.6675, 57.2834, 57.8994, 58.5153, 59.1313, 59.7472, 60.3632, 60.9791, 61.5951, 62.211, 62.827, 63.4429, 64.0589, 64.6748, 65.2908, 65.9067, 66.5227, 67.1386, 67.7546, 68.3705, 68.9865, 69.6024, 70.2184, 70.8343, 71.4503, 72.0662, 72.6822, 73.2981, 73.9141, 74.53, 75.146, 75.7619, 76.3779, 76.9938, 77.6098, 78.2257, 78.8417, 79.4576, 80.0736, 80.6895, 81.3055, 81.9214, 82.5374, 83.1533, 83.7693, 84.3852, 85.0012, 85.6171, 86.2331, 86.849, 87.465, 88.0809, 88.6969, 89.3128, 89.9288, 90.5447, 91.1607, 91.7766, 92.3926, 93.0085, 93.6245, 94.2404, 94.8564, 95.4723, 96.0883, 96.7042, 97.3202, 97.9361, 98.5521, 99.168, 99.784, 100.4, 101.016, 101.632, 102.248, 102.864, 103.48, 104.096, 104.712, 105.328, 105.944, 106.559, 107.175, 107.791, 108.407, 109.023, 109.639, 110.255, 110.871, 111.487, 112.103, 112.719, 113.335, 113.951, 114.567, 115.183, 115.799, 116.415, 117.031, 117.647, 118.263, 118.878, 119.494, 120.11, 120.726, 121.342, 121.958, 122.574, 123.19, 123.806, 124.422, 125.038, 125.654, 126.27, 126.886, 127.502, 128.118, 128.734, 129.35, 129.966, 130.582, 131.197, 131.813, 132.429, 133.045, 133.661, 134.277, 134.893, 135.509, 136.125, 136.741, 137.357, 137.973, 138.589, 139.205, 139.821, 140.437, 141.053, 141.669, 142.285, 142.901, 143.516, 144.132, 144.748, 145.364, 145.98, 146.596, 147.212, 147.828, 148.444, 149.06, 149.676, 150.292, 150.908, 151.524, 152.14, 152.756, 153.372, 153.988, 154.604, 155.22, 155.836, 156.451, 157.067, 157.683, 158.299, 158.915, 159.531, 160.147, 160.763, 161.379, 161.995, 162.611, 163.227, 163.843, 164.459, 165.075, 165.691, 166.307, 166.923, 167.539, 168.155, 168.77, 169.386, 170.002, 170.618, 171.234, 171.85, 172.466, 173.082, 173.698, 174.314, 174.93, 175.546, 176.162, 176.778, 177.394, 178.01, 178.626, 179.242, 179.858, 180.474, 181.089, 181.705, 182.321, 182.937, 183.553, 184.169, 184.785, 185.401, 186.017, 186.633, 187.249, 187.865, 188.481, 189.097, 189.713, 190.329, 190.945, 191.561, 192.177, 192.793, 193.408, 194.024, 194.64, 195.256, 195.872, 196.488
4.33999, 4.34285, 4.34574, 4.34866, 4.35161, 4.35459, 4.3576, 4.36063, 4.3637, 4.3668, 4.36993, 4.37309, 4.37628, 4.37951, 4.38277, 4.38606, 4.38938, 4.39274, 4.39614, 4.39956, 4.40302, 4.40652, 4.41005, 4.41362, 4.41723, 4.42087, 4.42455, 4.42827, 4.43203, 4.43582, 4.43966, 4.44353, 4.44745, 4.4514, 4.4554, 4.45944, 4.46352, 4.46764, 4.47181, 4.47602, 4.48028, 4.48458, 4.48892, 4.49332, 4.49776, 4.50224, 4.50678, 4.51136, 4.516, 4.52068, 4.52541, 4.5302, 4.53504, 4.53993, 4.54487, 4.54987, 4.55492, 4.56003, 4.56519, 4.57042, 4.5757, 4.58104, 4.58644, 4.5919, 4.59742, 4.603, 4.60865, 4.61436, 4.62014, 4.62598, 4.63189, 4.63786, 4.64391, 4.65003, 4.65622, 4.66248, 4.66881, 4.67522, 4.6817, 4.68826, 4.6949, 4.70162, 4.70842, 4.7153, 4.72226, 4.72931, 4.73645, 4.74367, 4.75098, 4.75838, 4.76587, 4.77346, 4.78114, 4.78891, 4.79679, 4.80476, 4.81284, 4.82102, 4.8293, 4.8377, 4.8462, 4.85481, 4.86353, 4.87237, 4.88133, 4.8904, 4.8996, 4.90892, 4.91837, 4.92794, 4.93765, 4.94749, 4.95746, 4.96758, 4.97783, 4.98823, 4.99878, 5.00947, 5.02032, 5.03133, 5.04249, 5.05382, 5.06531, 5.07698, 5.08882, 5.10083, 5.11302, 5.1254, 5.13797, 5.15073, 5.16369, 5.17685, 5.19022, 5.2038, 5.21759, 5.23161, 5.24585, 5.26033, 5.27504, 5.29, 5.3052, 5.32066, 5.33639, 5.35238, 5.36864, 5.38519, 5.40203, 5.41917, 5.43661, 5.45437, 5.47245, 5.49086, 5.50961, 5.52871, 5.54817, 5.568, 5.58821, 5.60882, 5.62983, 5.65125, 5.67311, 5.6954, 5.71816, 5.74138, 5.76509, 5.7893, 5.81403, 5.8393, 5.86512, 5.89151, 5.91849, 5.94609, 5.97432, 6.00322, 6.03279, 6.06307, 6.09409, 6.12588, 6.15845, 6.19186, 6.22612, 6.26127, 6.29736, 6.33442, 6.37249, 6.41163, 6.45186, 6.49326, 6.53586, 6.57974, 6.62494, 6.67154, 6.7196, 6.76921, 6.82045, 6.87339, 6.92814, 6.9848, 7.04347, 7.10429, 7.16737, 7.23286, 7.30092, 7.37171, 7.44542, 7.52225, 7.60243, 7.6862, 7.77385, 7.86568, 7.96203, 8.06329, 8.16983, 8.28227, 8.40112, 8.52701, 8.66069, 8.80303, 8.95504, 9.11795, 9.29322, 9.4826, 9.6883, 9.91311, 10.1606, 10.4353, 10.743, 11.0911, 11.4883, 11.944, 12.4667, 13.0614, 13.7246, 14.4394, 15.1696, 15.8567, 16.4202, 16.7647, 16.7943, 16.43, 15.6298, 14.4011, 12.806, 10.9821, 9.04959, 7.15195, 5.41255, 3.91749, 2.70886, 1.78797, 1.12569, 0.675607, 0.386342, 0.21041, 0.109098, 0.0538379, 0.0252785, 0.0112896, 0.00479392, 0.00193395, 0.000739632, 0.000266287, 8.7779e-05, 2.23725e-05, 4.84899e-06, 1.47055e-06, 4.24312e-07, 1.16235e-07, 3.02295e-08, 7.46402e-09, 1.74968e-09, 3.89395e-10, 8.22749e-11, 1.6504e-11, 3.14309e-12, 5.68289e-13, 9.75499e-14, 1.58975e-14, 2.45968e-15, 3.61303e-16, 5.0386e-17, 6.67105e-18, 8.38538e-19, 1.00068e-19, 1.13375e-20, 1.2195e-21, 1.24534e-22, 1.20738e-23, 1.11133e-24, 9.71154e-26, 8.05708e-27, 6.34618e-28, 4.74561e-29, 3.36912e-30, 2.27084e-31, 1.45312e-32, 8.82794e-34, 5.09171e-35, 2.78813e-36, 1.44946e-37, 7.15396e-39, 3.3522e-40, 1.49128e-41, 6.29843e-43, 2.52552e-44, 9.61422e-46, 3.47474e-47, 1.19227e-48, 3.88394e-50, 1.2012e-51, 3.52697e-53, 9.83181e-55, 2.60202e-56, 6.53779e-58, 1.55954e-59, 3.53189e-61, 7.59385e-63, 1.55011e-64, 3.00404e-66, 5.52707e-68
4.33999, 4.34285, 4.34574, 4.34866, 4.35161, 4.35459, 4.35759, 4.36063, 4.3637, 4.3668, 4.36993, 4.37309, 4.37628, 4.37951, 4.38277, 4.38606, 4.38938, 4.39274, 4.39613, 4.39956, 4.40302, 4.40652, 4.41005, 4.41362, 4.41723, 4.42087, 4.42455, 4.42827, 4.43202, 4.43582, 4.43965, 4.44353, 4.44744, 4.4514, 4.45539, 4.45943, 4.46351, 4.46764, 4.4718, 4.47601, 4.48027, 4.48457, 4.48892, 4.49331, 4.49775, 4.50224, 4.50677, 4.51136, 4.51599, 4.52067, 4.52541, 4.53019, 4.53503, 4.53992, 4.54486, 4.54986, 4.55491, 4.56002, 4.56518, 4.57041, 4.57569, 4.58103, 4.58643, 4.59188, 4.59741, 4.60299, 4.60864, 4.61435, 4.62012, 4.62596, 4.63187, 4.63785, 4.6439, 4.65001, 4.6562, 4.66246, 4.6688, 4.6752, 4.68169, 4.68825, 4.69489, 4.7016, 4.7084, 4.71528, 4.72225, 4.72929, 4.73643, 4.74365, 4.75096, 4.75836, 4.76585, 4.77344, 4.78112, 4.78889, 4.79677, 4.80474, 4.81282, 4.821, 4.82928, 4.83767, 4.84617, 4.85478, 4.86351, 4.87235, 4.8813, 4.89038, 4.89957, 4.90889, 4.91834, 4.92791, 4.93762, 4.94746, 4.95743, 4.96755, 4.9778, 4.9882, 4.99874, 5.00944, 5.02029, 5.03129, 5.04246, 5.05378, 5.06528, 5.07694, 5.08878, 5.10079, 5.11298, 5.12536, 5.13793, 5.15069, 5.16365, 5.17681, 5.19018, 5.20375, 5.21755, 5.23156, 5.24581, 5.26028, 5.27499, 5.28995, 5.30515, 5.32061, 5.33633, 5.35232, 5.36859, 5.38513, 5.40197, 5.41911, 5.43655, 5.4543, 5.47238, 5.49079, 5.50954, 5.52864, 5.5481, 5.56793, 5.58814, 5.60874, 5.62975, 5.65117, 5.67302, 5.69532, 5.71807, 5.74129, 5.765, 5.78921, 5.81394, 5.8392, 5.86502, 5.89141, 5.91839, 5.94598, 5.97422, 6.0031, 6.03268, 6.06296, 6.09397, 6.12575, 6.15833, 6.19173, 6.22598, 6.26114, 6.29722, 6.33428, 6.37234, 6.41147, 6.4517, 6.49309, 6.53569, 6.57956, 6.62476, 6.67135, 6.71941, 6.76901, 6.82024, 6.87318, 6.92792, 6.98457, 7.04323, 7.10404, 7.16711, 7.23259, 7.30064, 7.37142, 7.44512, 7.52193, 7.6021, 7.68586, 7.77349, 7.8653, 7.96163, 8.06287, 8.16945, 8.28187, 8.40068, 8.52654, 8.66019, 8.80249, 8.95447, 9.11734, 9.29255, 9.48187, 9.68751, 9.91225, 10.1596, 10.4342, 10.7418, 11.0898, 11.4868, 11.9423, 12.4647, 13.059, 13.7218, 14.4361, 15.1659, 15.8525, 16.4155, 16.7601, 16.7901, 16.4275, 15.6307, 14.4094, 12.8282, 10.999, 9.06204, 7.1608, 5.41861, 3.92149, 2.71139, 1.78951, 1.12658, 0.676105, 0.386607, 0.210545, 0.109164, 0.0538684, 0.0252921, 0.0112953, 0.00479622, 0.00193484, 0.000739941, 0.000266525, 8.78048e-05, 2.23719e-05, 4.83895e-06, 1.47066e-06, 4.24342e-07, 1.16243e-07, 3.02316e-08, 7.46453e-09, 1.7498e-09, 3.89421e-10, 8.22804e-11, 1.65051e-11, 3.1433e-12, 5.68327e-13, 9.75565e-14, 1.58986e-14, 2.45984e-15, 3.61327e-16, 5.03894e-17, 6.67149e-18, 8.38594e-19, 1.00075e-19, 1.13382e-20, 1.21958e-21, 1.24543e-22, 1.20746e-23, 1.1114e-24, 9.71217e-26, 8.0576e-27, 6.34658e-28, 4.74591e-29, 3.36933e-30, 2.27098e-31, 1.45321e-32, 8.8285e-34, 5.09204e-35, 2.78831e-36, 1.44955e-37, 7.15441e-39, 3.35241e-40, 1.49137e-41, 6.29882e-43, 2.52568e-44, 9.61482e-46, 3.47495e-47, 1.19234e-48, 3.88418e-50, 1.20127e-51, 3.52718e-53, 9.83241e-55, 2.60217e-56, 6.53818e-58, 1.55963e-59, 3.5321e-61, 7.59431e-63, 1.5502e-64, 3.00422e-66, 5.5274e-68
148.85
145.44
 
MEASUREMENT 4
1.55269, 4.65806, 7.76344, 10.8688, 13.9742, 17.0796, 20.1849, 23.2903, 26.3957, 29.5011, 32.6116, 35.7273, 38.8327, 41.9485, 45.0642, 48.1799, 51.2957, 54.4114, 57.5323, 60.6481, 63.7638, 66.8796, 69.9849, 73.0913, 76.1925, 79.303, 82.4239, 85.5397, 88.6606, 91.7763, 94.8921, 98.0078, 101.095, 104.143, 107.191, 110.239, 113.286, 116.334, 119.382, 122.43, 125.478, 128.526, 131.574, 134.622, 137.67, 140.718, 143.766, 146.814, 149.861, 152.909, 155.957, 159.005, 162.053, 165.101, 168.144, 171.192, 174.24, 177.288, 180.336, 183.384, 186.431, 189.479, 192.527, 195.575
4.49526, 4.51554, 4.60671, 4.60113, 4.55476, 4.63818, 4.76279, 4.88532, 4.8961, 4.95918, 5.04894, 5.16258, 5.15919, 5.2598, 5.36804, 5.41456, 5.49074, 5.54411, 5.63865, 5.65178, 5.69629, 5.78133, 5.69141, 5.76186, 6.07371, 6.13274, 6.15389, 6.2622, 6.46582, 6.60995, 6.73737, 6.56077, 6.61296, 6.83941, 6.83231, 6.98006, 7.12754, 7.34527, 7.56696, 7.85831, 8.12031, 8.53303, 9.17687, 9.70103, 10.5415, 12.1918, 14.239, 13.2931, 7.22043, 1.62849, 0.112418, 0.027469, 0.0185171, 0.0154986, 0.014204, 0.012799, 0.0112154, 0.0112385, 0.012167, 0.0124545, 0.012238, 0.0140932, 0.014687, 2.15505
0.134858, 0.135466, 0.138201, 0.138034, 0.136643, 0.139145, 0.142884, 0.14656, 0.146883, 0.148775, 0.151468, 0.154877, 0.154776, 0.157794, 0.161041, 0.162437, 0.164722, 0.166323, 0.169159, 0.169553, 0.170889, 0.17344, 0.170742, 0.172856, 0.182211, 0.183982, 0.184617, 0.187866, 0.193974, 0.198298, 0.202121, 0.196823, 0.198389, 0.205182, 0.204969, 0.209402, 0.213826, 0.220358, 0.227009, 0.235749, 0.243609, 0.255991, 0.275306, 0.291031, 0.316245, 0.365755, 0.427171, 0.398793, 0.216613, 0.0488548, 0.00337254, 0.00082407, 0.000555514, 0.000464958, 0.000426121, 0.00038397, 0.000336461, 0.000337156, 0.000365011, 0.000373636, 0.000367141, 0.000422797, 0.00044061, 0.0646516
0, 0.615951, 1.2319, 1.84785, 2.4638, 3.07975, 3.6957, 4.31165, 4.9276, 5.54356, 6.15951, 6.77546, 7.39141, 8.00736, 8.62331, 9.23926, 9.85521, 10.4712, 11.0871, 11.7031, 12.319, 12.935, 13.5509, 14.1669, 14.7828, 15.3988, 16.0147, 16.6307, 17.2466, 17.8626, 18.4785, 19.0945, 19.7104, 20.3264, 20.9423, 21.5583, 22.1742, 22.7902, 23.4061, 24.0221, 24.638, 25.254, 25.8699, 26.4859, 27.1018, 27.7178, 28.3337, 28.9497, 29.5656, 30.1816, 30.7975, 31.4135, 32.0294, 32.6454, 33.2613, 33.8773, 34.4932, 35.1092, 35.7251, 36.3411, 36.957, 37.573, 38.1889, 38.8049, 39.4208, 40.0368, 40.6527, 41.2687, 41.8846, 42.5006, 43.1165, 43.7325, 44.3484, 44.9644, 45.5803, 46.1963, 46.8122, 47.4282, 48.0441, 48.6601, 49.276, 49.892, 50.5079, 51.1239, 51.7399, 52.3558, 52.9718, 53.5877, 54.2037, 54.8196, 55.4356, 56.0515, 56.6675, 57.2834, 57.8994, 58.5153, 59.1313, 59.7472, 60.3632, 60.9791, 61.5951, 62.211, 62.827, 63.4429, 64.0589, 64.6748, 65.2908, 65.9067, 66.5227, 67.1386, 67.7546, 68.3705, 68.9865, 69.6024, 70.2184, 70.8343, 71.4503, 72.0662, 72.6822, 73.2981, 73.9141, 74.53, 75.146, 75.7619, 76.3779, 76.9938, 77.6098, 78.2257, 78.8417, 79.4576, 80.0736, 80.6895, 81.3055, 81.9214, 82.5374, 83.1533, 83.7693, 84.3852, 85.0012, 85.6171, 86.2331, 86.849, 87.465, 88.0809, 88.6969, 89.3128, 89.9288, 90.5447, 91.1607, 91.7766, 92.3926, 93.0085, 93.6245, 94.2404, 94.8564, 95.4723, 96.0883, 96.7042, 97.3202, 97.9361, 98.5521, 99.168, 99.784, 100.4, 101.016, 101.632, 102.248, 102.864, 103.48, 104.096, 104.712, 105.328, 105.944, 106.559, 107.175, 107.791, 108.407, 109.023, 109.639, 110.255, 110.871, 111.487, 112.103, 112.719, 113.335, 113.951, 114.567, 115.183, 115.799, 116.415, 117.031, 117.647, 118.263, 118.878, 119.494, 120.11, 120.726, 121.342, 121.958, 122.574, 123.19, 123.806, 124.422, 125.038, 125.654, 126.27, 126.886, 127.502, 128.118, 128.734, 129.35, 129.966, 130.582, 131.197, 131.813, 132.429, 133.045, 133.661, 134.277, 134.893, 135.509, 136.125, 136.741, 137.357, 137.973, 138.589, 139.205, 139.821, 140.437, 141.053, 141.669, 142.285, 142.901, 143.516, 144.132, 144.748, 145.364, 145.98, 146.596, 147.212, 147.828, 148.444, 149.06, 149.676, 150.292, 150.908, 151.524, 152.14, 152.756, 153.372, 153.988, 154.604, 155.22, 155.836, 156.451, 157.067, 157.683, 158.299, 158.915, 159.531, 160.147, 160.763, 161.379, 161.995, 162.611, 163.227, 163.843, 164.459, 165.075, 165.691, 166.307, 166.923, 167.539, 168.155, 168.77, 169.386, 170.002, 170.618, 171.234, 171.85, 172.466, 173.082, 173.698, 174.314, 174.93, 175.546, 176.162, 176.778, 177.394, 178.01, 178.626, 179.242, 179.858, 180.474, 181.089, 181.705, 182.321, 182.937, 183.553, 184.169, 184.785, 185.401, 186.017, 186.633, 187.249, 187.865, 188.481, 189.097, 189.713, 190.329, 190.945, 191.561, 192.177, 192.793, 193.408, 194.024, 194.64, 195.256, 195.872, 196.488
5.12853, 5.13147, 5.13444, 5.13743, 5.14047, 5.14353, 5.14662, 5.14975, 5.15291, 5.1561, 5.15932, 5.16258, 5.16587, 5.1692, 5.17256, 5.17595, 5.17939, 5.18285, 5.18636, 5.1899, 5.19347, 5.19709, 5.20074, 5.20443, 5.20816, 5.21193, 5.21574, 5.21959, 5.22348, 5.22741, 5.23138, 5.23539, 5.23945, 5.24355, 5.2477, 5.25188, 5.25612, 5.2604, 5.26472, 5.26909, 5.27351, 5.27797, 5.28249, 5.28705, 5.29166, 5.29632, 5.30103, 5.3058, 5.31061, 5.31548, 5.3204, 5.32538, 5.33041, 5.33549, 5.34064, 5.34584, 5.35109, 5.35641, 5.36178, 5.36722, 5.37271, 5.37827, 5.38389, 5.38957, 5.39532, 5.40113, 5.40701, 5.41296, 5.41897, 5.42506, 5.43121, 5.43744, 5.44373, 5.4501, 5.45655, 5.46307, 5.46967, 5.47634, 5.48309, 5.48993, 5.49684, 5.50384, 5.51092, 5.51808, 5.52533, 5.53267, 5.5401, 5.54762, 5.55523, 5.56294, 5.57074, 5.57863, 5.58663, 5.59472, 5.60292, 5.61122, 5.61962, 5.62813, 5.63675, 5.64548, 5.65432, 5.66328, 5.67235, 5.68154, 5.69085, 5.70028, 5.70984, 5.71953, 5.72934, 5.73929, 5.74937, 5.75958, 5.76994, 5.78044, 5.79108, 5.80187, 5.81281, 5.8239, 5.83515, 5.84656, 5.85813, 5.86986, 5.88177, 5.89384, 5.9061, 5.91853, 5.93115, 5.94395, 5.95695, 5.97014, 5.98353, 5.99712, 6.01093, 6.02494, 6.03918, 6.05363, 6.06832, 6.08324, 6.0984, 6.1138, 6.12945, 6.14536, 6.16153, 6.17797, 6.19468, 6.21168, 6.22897, 6.24655, 6.26444, 6.28264, 6.30116, 6.32001, 6.33919, 6.35873, 6.37862, 6.39888, 6.41951, 6.44053, 6.46195, 6.48378, 6.50603, 6.52872, 6.55185, 6.57544, 6.59951, 6.62407, 6.64914, 6.67473, 6.70085, 6.72754, 6.75479, 6.78265, 6.81112, 6.84022, 6.86998, 6.90043, 6.93158, 6.96347, 6.99612, 7.02956, 7.06381, 7.09892, 7.13492, 7.17184, 7.20972, 7.24861, 7.28853, 7.32955, 7.3717, 7.41505, 7.45964, 7.50553, 7.55279, 7.60148, 7.65167, 7.70345, 7.75689, 7.81209, 7.86913, 7.92812, 7.98919, 8.05243, 8.118, 8.18603, 8.25668, 8.33012, 8.40654, 8.48615, 8.56918, 8.65588, 8.74653, 8.84145, 8.94099, 9.04554, 9.15556, 9.27156, 9.39411, 9.52388, 9.66167, 9.80836, 9.96505, 10.133, 10.3138, 10.5093, 10.7219, 10.9544, 11.2103, 11.4936, 11.8085, 12.1585, 12.5451, 12.9648, 13.4062, 13.8457, 14.2444, 14.5476, 14.6877, 14.5931, 14.201, 13.4729, 12.4076, 11.0475, 9.48128, 7.82595, 6.19283, 4.68848, 3.39016, 2.33795, 1.53588, 0.960185, 0.570776, 0.322392, 0.172923, 0.0880339, 0.042519, 0.0194749, 0.00845564, 0.00347817, 0.00135395, 0.000497274, 0.000170599, 5.25388e-05, 1.15091e-05, 1.90946e-06, 5.52744e-07, 1.51275e-07, 3.91417e-08, 9.57508e-09, 2.2145e-09, 4.84215e-10, 1.00099e-10, 1.95638e-11, 3.61499e-12, 6.31525e-13, 1.04305e-13, 1.62872e-14, 2.40448e-15, 3.35601e-16, 4.4285e-17, 5.52485e-18, 6.51649e-19, 7.26669e-20, 7.66108e-21, 7.63613e-22, 7.19592e-23, 6.41106e-24, 5.40011e-25, 4.30037e-26, 3.23771e-27, 2.30463e-28, 1.55094e-29, 9.86772e-31, 5.93566e-32, 3.37561e-33, 1.81495e-34, 9.22584e-36, 4.43382e-37, 2.01456e-38, 8.65389e-40, 3.51458e-41, 1.34947e-42, 4.89875e-44, 1.68126e-45, 5.45528e-47, 1.67351e-48, 4.85364e-50, 1.33087e-51, 3.45014e-53, 8.45603e-55, 1.95941e-56, 4.29254e-58, 8.89063e-60, 1.74093e-61, 3.22299e-63, 5.64113e-65, 9.33476e-67, 1.46039e-68, 2.16006e-70, 3.0206e-72, 3.99345e-74
5.12853, 5.13191, 5.13533, 5.13879, 5.14227, 5.1458, 5.14935, 5.15295, 5.15658, 5.16024, 5.16395, 5.16769, 5.17146, 5.17528, 5.17913, 5.18303, 5.18696, 5.19093, 5.19495, 5.199, 5.2031, 5.20724, 5.21142, 5.21564, 5.2199, 5.22421, 5.22857, 5.23297, 5.23741, 5.2419, 5.24644, 5.25102, 5.25565, 5.26033, 5.26506, 5.26984, 5.27467, 5.27955, 5.28448, 5.28946, 5.2945, 5.29958, 5.30473, 5.30992, 5.31518, 5.32048, 5.32585, 5.33127, 5.33676, 5.3423, 5.3479, 5.35356, 5.35928, 5.36507, 5.37092, 5.37683, 5.38281, 5.38885, 5.39497, 5.40114, 5.40739, 5.41371, 5.4201, 5.42656, 5.43309, 5.4397, 5.44638, 5.45314, 5.45997, 5.46688, 5.47388, 5.48095, 5.4881, 5.49534, 5.50266, 5.51007, 5.51756, 5.52515, 5.53282, 5.54058, 5.54844, 5.55639, 5.56443, 5.57257, 5.58081, 5.58916, 5.5976, 5.60614, 5.61479, 5.62355, 5.63242, 5.64139, 5.65048, 5.65968, 5.669, 5.67844, 5.688, 5.69768, 5.70748, 5.71741, 5.72747, 5.73766, 5.74799, 5.75845, 5.76905, 5.77979, 5.79067, 5.8017, 5.81288, 5.82421, 5.8357, 5.84734, 5.85915, 5.87112, 5.88326, 5.89556, 5.90805, 5.92071, 5.93355, 5.94657, 5.95979, 5.9732, 5.9868, 6.0006, 6.01462, 6.02884, 6.04327, 6.05792, 6.0728, 6.08791, 6.10324, 6.11882, 6.13465, 6.15072, 6.16705, 6.18364, 6.2005, 6.21764, 6.23505, 6.25276, 6.27076, 6.28906, 6.30768, 6.32661, 6.34586, 6.36546, 6.38539, 6.40568, 6.42633, 6.44736, 6.46876, 6.49056, 6.51276, 6.53538, 6.55842, 6.5819, 6.60583, 6.63023, 6.65511, 6.68048, 6.70636, 6.73276, 6.75971, 6.78721, 6.81529, 6.84396, 6.87325, 6.90317, 6.93375, 6.96501, 6.99697, 7.02966, 7.0631, 7.09732, 7.13236, 7.16823, 7.20497, 7.24262, 7.28122, 7.32079, 7.36138, 7.40303, 7.44578, 7.48969, 7.5348, 7.58116, 7.62884, 7.67789, 7.72838, 7.78037, 7.83393, 7.88916, 7.94612, 8.00492, 8.06564, 8.12839, 8.19328, 8.26044, 8.32999, 8.40208, 8.47686, 8.5545, 8.63519, 8.71912, 8.80651, 8.8976, 8.99267, 9.09201, 9.19593, 9.30482, 9.41907, 9.53915, 9.66556, 9.7989, 9.93982, 10.0891, 10.2476, 10.4163, 10.5965, 10.7896, 10.9973, 11.2216, 11.465, 11.7309, 12.0233, 12.3476, 12.7106, 13.1213, 13.5905, 14.1308, 14.7543, 15.4699, 16.277, 17.158, 18.0707, 18.9414, 19.6657, 20.1168, 20.1649, 19.704, 18.6792, 17.1077, 15.0834, 12.7639, 10.3412, 8.0054, 5.91147, 4.15834, 2.7834, 1.77119, 1.07068, 0.614458, 0.334604, 0.172816, 0.0846235, 0.0392737, 0.0172694, 0.00719182, 0.00283452, 0.00105528, 0.000368989, 0.000117955, 2.95574e-05, 6.03451e-06, 1.74921e-06, 4.79371e-07, 1.24203e-07, 3.04244e-08, 7.046e-09, 1.54274e-09, 3.19355e-10, 6.25007e-11, 1.15645e-11, 2.02301e-12, 3.34579e-13, 5.23154e-14, 7.73376e-15, 1.08089e-15, 1.42825e-16, 1.78424e-17, 2.10734e-18, 2.35313e-19, 2.48421e-20, 2.47947e-21, 2.3397e-22, 2.08733e-23, 1.76056e-24, 1.40392e-25, 1.05843e-26, 7.54417e-28, 5.08383e-29, 3.23892e-30, 1.95092e-31, 1.11099e-32, 5.98146e-34, 3.04464e-35, 1.46519e-36, 6.66625e-38, 2.86747e-39, 1.16613e-40, 4.48355e-42, 1.62978e-43, 5.60097e-45, 1.81982e-46, 5.59015e-48, 1.62348e-49, 4.4576e-51, 1.15714e-52, 2.83986e-54, 6.58929e-56, 1.44547e-57, 2.99785e-59, 5.87815e-61, 1.08968e-62, 1.9098e-64, 3.16451e-66, 4.9574e-68, 7.34227e-70, 1.0281e-71, 1.36104e-73
148.76
145.39
 
MEASUREMENT 5
1.55269, 4.65806, 7.76344, 10.8688, 13.9742, 17.0796, 20.1849, 23.2903, 26.3957, 29.5011, 32.6116, 35.7273, 38.8327, 41.9485, 45.0642, 48.1799, 51.2957, 54.4114, 57.5323, 60.6481, 63.7638, 66.8796, 69.9849, 73.0913, 76.1925, 79.303, 82.4239, 85.5397, 88.6606, 91.7763, 94.8921, 98.0078, 101.095, 104.143, 107.191, 110.239, 113.286, 116.334, 119.382, 122.43, 125.478, 128.526, 131.574, 134.622, 137.67, 140.718, 143.766, 146.814, 149.861, 152.909, 155.957, 159.005, 162.053, 165.101, 168.144, 171.192, 174.24, 177.288, 180.336, 183.384, 186.431, 189.479, 192.527, 195.575
4.53131, 4.50262, 4.72127, 4.47449, 4.64462, 4.63479, 4.90225, 4.86974, 4.92759, 4.99647, 5.11058, 5.22346, 5.095, 5.44366, 5.29232, 5.55101, 5.43116, 5.67164, 5.61129, 5.70219, 5.69548, 5.88117, 5.49139, 6.05679, 6.1004, 6.17634, 6.13827, 6.40565, 6.53974, 6.69562, 6.79066, 6.32036, 6.93813, 6.74298, 6.9372, 7.03853, 7.23507, 7.47547, 7.67739, 8.06662, 8.19307, 8.91547, 9.4745, 9.9644, 11.1875, 13.3015, 15.2887, 11.1793, 2.96977, 0.185091, 0.0338635, 0.0201885, 0.0167244, 0.0143044, 0.0141891, 0.0111568, 0.0114669, 0.010981, 0.0136592, 0.0112575, 0.0130144, 0.0151037, 0.0143615, 4.4654
0.135939, 0.135079, 0.141638, 0.134235, 0.139339, 0.139044, 0.147067, 0.146092, 0.147828, 0.149894, 0.153317, 0.156704, 0.15285, 0.16331, 0.15877, 0.16653, 0.162935, 0.170149, 0.168339, 0.171066, 0.170864, 0.176435, 0.164742, 0.181704, 0.183012, 0.18529, 0.184148, 0.192169, 0.196192, 0.200869, 0.20372, 0.189611, 0.208144, 0.202289, 0.208116, 0.211156, 0.217052, 0.224264, 0.230322, 0.241999, 0.245792, 0.267464, 0.284235, 0.298932, 0.335624, 0.399044, 0.45866, 0.335378, 0.0890932, 0.00555272, 0.00101591, 0.000605655, 0.000501733, 0.000429133, 0.000425672, 0.000334703, 0.000344008, 0.00032943, 0.000409776, 0.000337725, 0.000390432, 0.000453112, 0.000430844, 0.133962
0, 0.615951, 1.2319, 1.84785, 2.4638, 3.07975, 3.6957, 4.31165, 4.9276, 5.54356, 6.15951, 6.77546, 7.39141, 8.00736, 8.62331, 9.23926, 9.85521, 10.4712, 11.0871, 11.7031, 12.319, 12.935, 13.5509, 14.1669, 14.7828, 15.3988, 16.0147, 16.6307, 17.2466, 17.8626, 18.4785, 19.0945, 19.7104, 20.3264, 20.9423, 21.5583, 22.1742, 22.7902, 23.4061, 24.0221, 24.638, 25.254, 25.8699, 26.4859, 27.1018, 27.7178, 28.3337, 28.9497, 29.5656, 30.1816, 30.7975, 31.4135, 32.0294, 32.6454, 33.2613, 33.8773, 34.4932, 35.1092, 35.7251, 36.3411, 36.957, 37.573, 38.1889, 38.8049, 39.4208, 40.0368, 40.6527, 41.2687, 41.8846, 42.5006, 43.1165, 43.7325, 44.3484, 44.9644, 45.5803, 46.1963, 46.8122, 47.4282, 48.0441, 48.6601, 49.276, 49.892, 50.5079, 51.1239, 51.7399, 52.3558, 52.9718, 53.5877, 54.2037, 54.8196, 55.4356, 56.0515, 56.6675, 57.2834, 57.8994, 58.5153, 59.1313, 59.7472, 60.3632, 60.9791, 61.5951, 62.211, 62.827, 63.4429, 64.0589, 64.6748, 65.2908, 65.9067, 66.5227, 67.1386, 67.7546, 68.3705, 68.9865, 69.6024, 70.2184, 70.8343, 71.4503, 72.0662, 72.6822, 73.2981, 73.9141, 74.53, 75.146, 75.7619, 76.3779, 76.9938, 77.6098, 78.2257, 78.8417, 79.4576, 80.0736, 80.6895, 81.3055, 81.9214, 82.5374, 83.1533, 83.7693, 84.3852, 85.0012, 85.6171, 86.2331, 86.849, 87.465, 88.0809, 88.6969, 89.3128, 89.9288, 90.5447, 91.1607, 91.7766, 92.3926, 93.0085, 93.6245, 94.2404, 94.8564, 95.4723, 96.0883, 96.7042, 97.3202, 97.9361, 98.5521, 99.168, 99.784, 100.4, 101.016, 101.632, 102.248, 102.864, 103.48, 104.096, 104.712, 105.328, 105.944, 106.559, 107.175, 107.791, 108.407, 109.023, 109.639, 110.255, 110.871, 111.487, 112.103, 112.719, 113.335, 113.951, 114.567, 115.183, 115.799, 116.415, 117.031, 117.647, 118.263, 118.878, 119.494, 120.11, 120.726, 121.342, 121.958, 122.574, 123.19, 123.806, 124.422, 125.038, 125.654, 126.27, 126.886, 127.502, 128.118, 128.734, 129.35, 129.966, 130.582, 131.197, 131.813, 132.429, 133.045, 133.661, 134.277, 134.893, 135.509, 136.125, 136.741, 137.357, 137.973, 138.589, 139.205, 139.821, 140.437, 141.053, 141.669, 142.285, 142.901, 143.516, 144.132, 144.748, 145.364, 145.98, 146.596, 147.212, 147.828, 148.444, 149.06, 149.676, 150.292, 150.908, 151.524, 152.14, 152.756, 153.372, 153.988, 154.604, 155.22, 155.836, 156.451, 157.067, 157.683, 158.299, 158.915, 159.531, 160.147, 160.763, 161.379, 161.995, 162.611, 163.227, 163.843, 164.459, 165.075, 165.691, 166.307, 166.923, 167.539, 168.155, 168.77, 169.386, 170.002, 170.618, 171.234, 171.85, 172.466, 173.082, 173.698, 174.314, 174.93, 175.546, 176.162, 176.778, 177.394, 178.01, 178.626, 179.242, 179.858, 180.474, 181.089, 181.705, 182.321, 182.937, 183.553, 184.169, 184.785, 185.401, 186.017, 186.633, 187.249, 187.865, 188.481, 189.097, 189.713, 190.329, 190.945, 191.561, 192.177, 192.793, 193.408, 194.024, 194.64, 195.256, 195.872, 196.488
0, 0, 0, 0, 0, 0, 0, 0, 0, 0, 0, 0, 0, 0, 0, 0, 0, 0, 0, 0, 0, 0, 0, 0, 0, 0, 0, 0, 0, 0, 0, 0, 0, 0, 0, 0, 0, 0, 0, 0, 0, 0, 0, 0, 0, 0, 0, 0, 0, 0, 0, 0, 0, 0, 0, 0, 0, 0, 0, 0, 0, 0, 0, 0, 0, 0, 0, 0, 0, 0, 0, 0, 0, 0, 0, 0, 0, 0, 0, 0, 0, 0, 0, 0, 0, 0, 0, 0, 0, 0, 0, 0, 0, 0, 0, 0, 0, 0, 0, 0, 0, 0, 0, 0, 0, 0, 0, 0, 0, 0, 0, 0, 0, 0, 0, 0, 0, 0, 0, 0, 0, 0, 0, 0, 0, 0, 0, 0, 0, 0, 0, 0, 0, 0, 0, 0, 0, 0, 0, 0, 0, 0, 0, 0, 0, 0, 0, 0, 0, 0, 0, 0, 0, 0, 0, 0, 0, 0, 0, 0, 0, 0, 0, 0, 0, 0, 0, 0, 0, 0, 0, 0, 0, 0, 0, 0, 0, 0, 0, 0, 0, 0, 0, 0, 0, 0, 0, 0, 0, 0, 0, 0, 0, 0, 0, 0, 0, 0, 0, 0, 0, 0, 0, 0, 0, 0, 0, 0, 0, 0, 0, 0, 0, 0, 0, 0, 0, 0, 0, 0, 0, 0, 0, 0, 0, 0, 0, 0, 0, 0, 0, 0, 0, 0, 0, 0, 0, 0, 0, 0, 0, 0, 0, 0, 0, 0, 0, 0, 0, 0, 0, 0, 0, 0, 0, 0, 0, 0, 0, 0, 0, 0, 0, 0, 0, 0, 0, 0, 0, 0, 0, 0, 0, 0, 0, 0, 0, 0, 0, 0, 0, 0, 0, 0, 0, 0, 0, 0, 0, 0, 0, 0, 0, 0, 0, 0, 0, 0, 0, 0, 0, 0, 0, 0, 0, 0, 0, 0, 0, 0, 0, 0, 0, 0, 0, 0, 0, 0, 0, 0
0, 0, 0, 0, 0, 0, 0, 0, 0, 0, 0, 0, 0, 0, 0, 0, 0, 0, 0, 0, 0, 0, 0, 0, 0, 0, 0, 0, 0, 0, 0, 0, 0, 0, 0, 0, 0, 0, 0, 0, 0, 0, 0, 0, 0, 0, 0, 0, 0, 0, 0, 0, 0, 0, 0, 0, 0, 0, 0, 0, 0, 0, 0, 0, 0, 0, 0, 0, 0, 0, 0, 0, 0, 0, 0, 0, 0, 0, 0, 0, 0, 0, 0, 0, 0, 0, 0, 0, 0, 0, 0, 0, 0, 0, 0, 0, 0, 0, 0, 0, 0, 0, 0, 0, 0, 0, 0, 0, 0, 0, 0, 0, 0, 0, 0, 0, 0, 0, 0, 0, 0, 0, 0, 0, 0, 0, 0, 0, 0, 0, 0, 0, 0, 0, 0, 0, 0, 0, 0, 0, 0, 0, 0, 0, 0, 0, 0, 0, 0, 0, 0, 0, 0, 0, 0, 0, 0, 0, 0, 0, 0, 0, 0, 0, 0, 0, 0, 0, 0, 0, 0, 0, 0, 0, 0, 0, 0, 0, 0, 0, 0, 0, 0, 0, 0, 0, 0, 0, 0, 0, 0, 0, 0, 0, 0, 0, 0, 0, 0, 0, 0, 0, 0, 0, 0, 0, 0, 0, 0, 0, 0, 0, 0, 0, 0, 0, 0, 0, 0, 0, 0, 0, 0, 0, 0, 0, 0, 0, 0, 0, 0, 0, 0, 0, 0, 0, 0, 0, 0, 0, 0, 0, 0, 0, 0, 0, 0, 0, 0, 0, 0, 0, 0, 0, 0, 0, 0, 0, 0, 0, 0, 0, 0, 0, 0, 0, 0, 0, 0, 0, 0, 0, 0, 0, 0, 0, 0, 0, 0, 0, 0, 0, 0, 0, 0, 0, 0, 0, 0, 0, 0, 0, 0, 0, 0, 0, 0, 0, 0, 0, 0, 0, 0, 0, 0, 0, 0, 0, 0, 0, 0, 0, 0, 0, 0, 0, 0, 0, 0, 0
-
-
 
MEASUREMENT 6
1.55269, 4.65806, 7.76344, 10.8688, 13.9742, 17.0796, 20.1849, 23.2903, 26.3957, 29.5011, 32.6116, 35.7273, 38.8327, 41.9485, 45.0642, 48.1799, 51.2957, 54.4114, 57.5323, 60.6481, 63.7638, 66.8796, 69.9849, 73.0913, 76.1925, 79.303, 82.4239, 85.5397, 88.6606, 91.7763, 94.8921, 98.0078, 101.095, 104.143, 107.191, 110.239, 113.286, 116.334, 119.382, 122.43, 125.478, 128.526, 131.574, 134.622, 137.67, 140.718, 143.766, 146.814, 149.861, 152.909, 155.957, 159.005, 162.053, 165.101, 168.144, 171.192, 174.24, 177.288, 180.336, 183.384, 186.431, 189.479, 192.527, 195.575
4.53429, 4.50637, 4.72548, 4.47778, 4.64704, 4.63829, 4.90665, 4.87428, 4.93178, 5.0022, 5.11503, 5.22976, 5.09913, 5.4503, 5.29798, 5.55748, 5.43656, 5.6787, 5.61783, 5.7081, 5.70034, 5.8881, 5.4952, 6.06405, 6.10775, 6.18399, 6.14587, 6.41358, 6.54737, 6.70389, 6.79717, 6.32792, 6.94622, 6.75074, 6.94612, 7.04791, 7.24428, 7.48503, 7.68711, 8.07777, 8.20434, 8.92792, 9.48855, 9.97863, 11.2047, 13.3246, 15.3184, 11.1988, 2.97242, 0.18527, 0.0338453, 0.0203502, 0.016757, 0.0142692, 0.0143276, 0.0112336, 0.011378, 0.0110193, 0.0135178, 0.0114397, 0.0131997, 0.0149994, 0.0143318, 4.46858
0.136029, 0.135191, 0.141764, 0.134333, 0.139411, 0.139149, 0.1472, 0.146228, 0.147954, 0.150066, 0.153451, 0.156893, 0.152974, 0.163509, 0.158939, 0.166724, 0.163097, 0.170361, 0.168535, 0.171243, 0.17101, 0.176643, 0.164856, 0.181921, 0.183233, 0.18552, 0.184376, 0.192407, 0.196421, 0.201117, 0.203915, 0.189838, 0.208387, 0.202522, 0.208384, 0.211437, 0.217328, 0.224551, 0.230613, 0.242333, 0.24613, 0.267838, 0.284656, 0.299359, 0.33614, 0.399737, 0.459551, 0.335964, 0.0891726, 0.00555809, 0.00101536, 0.000610507, 0.000502709, 0.000428075, 0.000429828, 0.000337009, 0.000341339, 0.000330579, 0.000405535, 0.000343192, 0.000395992, 0.000449983, 0.000429953, 0.134057
0, 0.615951, 1.2319, 1.84785, 2.4638, 3.07975, 3.6957, 4.31165, 4.9276, 5.54356, 6.15951, 6.77546, 7.39141, 8.00736, 8.62331, 9.23926, 9.85521, 10.4712, 11.0871, 11.7031, 12.319, 12.935, 13.5509, 14.1669, 14.7828, 15.3988, 16.0147, 16.6307, 17.2466, 17.8626, 18.4785, 19.0945, 19.7104, 20.3264, 20.9423, 21.5583, 22.1742, 22.7902, 23.4061, 24.0221, 24.638, 25.254, 25.8699, 26.4859, 27.1018, 27.7178, 28.3337, 28.9497, 29.5656, 30.1816, 30.7975, 31.4135, 32.0294, 32.6454, 33.2613, 33.8773, 34.4932, 35.1092, 35.7251, 36.3411, 36.957, 37.573, 38.1889, 38.8049, 39.4208, 40.0368, 40.6527, 41.2687, 41.8846, 42.5006, 43.1165, 43.7325, 44.3484, 44.9644, 45.5803, 46.1963, 46.8122, 47.4282, 48.0441, 48.6601, 49.276, 49.892, 50.5079, 51.1239, 51.7399, 52.3558, 52.9718, 53.5877, 54.2037, 54.8196, 55.4356, 56.0515, 56.6675, 57.2834, 57.8994, 58.5153, 59.1313, 59.7472, 60.3632, 60.9791, 61.5951, 62.211, 62.827, 63.4429, 64.0589, 64.6748, 65.2908, 65.9067, 66.5227, 67.1386, 67.7546, 68.3705, 68.9865, 69.6024, 70.2184, 70.8343, 71.4503, 72.0662, 72.6822, 73.2981, 73.9141, 74.53, 75.146, 75.7619, 76.3779, 76.9938, 77.6098, 78.2257, 78.8417, 79.4576, 80.0736, 80.6895, 81.3055, 81.9214, 82.5374, 83.1533, 83.7693, 84.3852, 85.0012, 85.6171, 86.2331, 86.849, 87.465, 88.0809, 88.6969, 89.3128, 89.9288, 90.5447, 91.1607, 91.7766, 92.3926, 93.0085, 93.6245, 94.2404, 94.8564, 95.4723, 96.0883, 96.7042, 97.3202, 97.9361, 98.5521, 99.168, 99.784, 100.4, 101.016, 101.632, 102.248, 102.864, 103.48, 104.096, 104.712, 105.328, 105.944, 106.559, 107.175, 107.791, 108.407, 109.023, 109.639, 110.255, 110.871, 111.487, 112.103, 112.719, 113.335, 113.951, 114.567, 115.183, 115.799, 116.415, 117.031, 117.647, 118.263, 118.878, 119.494, 120.11, 120.726, 121.342, 121.958, 122.574, 123.19, 123.806, 124.422, 125.038, 125.654, 126.27, 126.886, 127.502, 128.118, 128.734, 129.35, 129.966, 130.582, 131.197, 131.813, 132.429, 133.045, 133.661, 134.277, 134.893, 135.509, 136.125, 136.741, 137.357, 137.973, 138.589, 139.205, 139.821, 140.437, 141.053, 141.669, 142.285, 142.901, 143.516, 144.132, 144.748, 145.364, 145.98, 146.596, 147.212, 147.828, 148.444, 149.06, 149.676, 150.292, 150.908, 151.524, 152.14, 152.756, 153.372, 153.988, 154.604, 155.22, 155.836, 156.451, 157.067, 157.683, 158.299, 158.915, 159.531, 160.147, 160.763, 161.379, 161.995, 162.611, 163.227, 163.843, 164.459, 165.075, 165.691, 166.307, 166.923, 167.539, 168.155, 168.77, 169.386, 170.002, 170.618, 171.234, 171.85, 172.466, 173.082, 173.698, 174.314, 174.93, 175.546, 176.162, 176.778, 177.394, 178.01, 178.626, 179.242, 179.858, 180.474, 181.089, 181.705, 182.321, 182.937, 183.553, 184.169, 184.785, 185.401, 186.017, 186.633, 187.249, 187.865, 188.481, 189.097, 189.713, 190.329, 190.945, 191.561, 192.177, 192.793, 193.408, 194.024, 194.64, 195.256, 195.872, 196.488
0, 0, 0, 0, 0, 0, 0, 0, 0, 0, 0, 0, 0, 0, 0, 0, 0, 0, 0, 0, 0, 0, 0, 0, 0, 0, 0, 0, 0, 0, 0, 0, 0, 0, 0, 0, 0, 0, 0, 0, 0, 0, 0, 0, 0, 0, 0, 0, 0, 0, 0, 0, 0, 0, 0, 0, 0, 0, 0, 0, 0, 0, 0, 0, 0, 0, 0, 0, 0, 0, 0, 0, 0, 0, 0, 0, 0, 0, 0, 0, 0, 0, 0, 0, 0, 0, 0, 0, 0, 0, 0, 0, 0, 0, 0, 0, 0, 0, 0, 0, 0, 0, 0, 0, 0, 0, 0, 0, 0, 0, 0, 0, 0, 0, 0, 0, 0, 0, 0, 0, 0, 0, 0, 0, 0, 0, 0, 0, 0, 0, 0, 0, 0, 0, 0, 0, 0, 0, 0, 0, 0, 0, 0, 0, 0, 0, 0, 0, 0, 0, 0, 0, 0, 0, 0, 0, 0, 0, 0, 0, 0, 0, 0, 0, 0, 0, 0, 0, 0, 0, 0, 0, 0, 0, 0, 0, 0, 0, 0, 0, 0, 0, 0, 0, 0, 0, 0, 0, 0, 0, 0, 0, 0, 0, 0, 0, 0, 0, 0, 0, 0, 0, 0, 0, 0, 0, 0, 0, 0, 0, 0, 0, 0, 0, 0, 0, 0, 0, 0, 0, 0, 0, 0, 0, 0, 0, 0, 0, 0, 0, 0, 0, 0, 0, 0, 0, 0, 0, 0, 0, 0, 0, 0, 0, 0, 0, 0, 0, 0, 0, 0, 0, 0, 0, 0, 0, 0, 0, 0, 0, 0, 0, 0, 0, 0, 0, 0, 0, 0, 0, 0, 0, 0, 0, 0, 0, 0, 0, 0, 0, 0, 0, 0, 0, 0, 0, 0, 0, 0, 0, 0, 0, 0, 0, 0, 0, 0, 0, 0, 0, 0, 0, 0, 0, 0, 0, 0, 0, 0, 0, 0, 0, 0, 0, 0, 0, 0, 0, 0, 0
0, 0, 0, 0, 0, 0, 0, 0, 0, 0, 0, 0, 0, 0, 0, 0, 0, 0, 0, 0, 0, 0, 0, 0, 0, 0, 0, 0, 0, 0, 0, 0, 0, 0, 0, 0, 0, 0, 0, 0, 0, 0, 0, 0, 0, 0, 0, 0, 0, 0, 0, 0, 0, 0, 0, 0, 0, 0, 0, 0, 0, 0, 0, 0, 0, 0, 0, 0, 0, 0, 0, 0, 0, 0, 0, 0, 0, 0, 0, 0, 0, 0, 0, 0, 0, 0, 0, 0, 0, 0, 0, 0, 0, 0, 0, 0, 0, 0, 0, 0, 0, 0, 0, 0, 0, 0, 0, 0, 0, 0, 0, 0, 0, 0, 0, 0, 0, 0, 0, 0, 0, 0, 0, 0, 0, 0, 0, 0, 0, 0, 0, 0, 0, 0, 0, 0, 0, 0, 0, 0, 0, 0, 0, 0, 0, 0, 0, 0, 0, 0, 0, 0, 0, 0, 0, 0, 0, 0, 0, 0, 0, 0, 0, 0, 0, 0, 0, 0, 0, 0, 0, 0, 0, 0, 0, 0, 0, 0, 0, 0, 0, 0, 0, 0, 0, 0, 0, 0, 0, 0, 0, 0, 0, 0, 0, 0, 0, 0, 0, 0, 0, 0, 0, 0, 0, 0, 0, 0, 0, 0, 0, 0, 0, 0, 0, 0, 0, 0, 0, 0, 0, 0, 0, 0, 0, 0, 0, 0, 0, 0, 0, 0, 0, 0, 0, 0, 0, 0, 0, 0, 0, 0, 0, 0, 0, 0, 0, 0, 0, 0, 0, 0, 0, 0, 0, 0, 0, 0, 0, 0, 0, 0, 0, 0, 0, 0, 0, 0, 0, 0, 0, 0, 0, 0, 0, 0, 0, 0, 0, 0, 0, 0, 0, 0, 0, 0, 0, 0, 0, 0, 0, 0, 0, 0, 0, 0, 0, 0, 0, 0, 0, 0, 0, 0, 0, 0, 0, 0, 0, 0, 0, 0, 0, 0, 0, 0, 0, 0, 0, 0
-
-
 
MEASUREMENT 7
1.55269, 4.65806, 7.76344, 10.8688, 13.9742, 17.0796, 20.1849, 23.2903, 26.3957, 29.5011, 32.6116, 35.7273, 38.8327, 41.9485, 45.0642, 48.1799, 51.2957, 54.4114, 57.5323, 60.6481, 63.7638, 66.8796, 69.9849, 73.0913, 76.1925, 79.303, 82.4239, 85.5397, 88.6606, 91.7763, 94.8921, 98.0078, 101.095, 104.143, 107.191, 110.239, 113.286, 116.334, 119.382, 122.43, 125.478, 128.526, 131.574, 134.622, 137.67, 140.718, 143.766, 146.814, 149.861, 152.909, 155.957, 159.005, 162.053, 165.101, 168.144, 171.192, 174.24, 177.288, 180.336, 183.384, 186.431, 189.479, 192.527, 195.575
4.53403, 4.50573, 4.72521, 4.47697, 4.64748, 4.63796, 4.90638, 4.87402, 4.93168, 5.00356, 5.11571, 5.23051, 5.09932, 5.45221, 5.29863, 5.55924, 5.43667, 5.68064, 5.62006, 5.70918, 5.70112, 5.89001, 5.4961, 6.06601, 6.10945, 6.18616, 6.1485, 6.41634, 6.54953, 6.70677, 6.79834, 6.3292, 6.94869, 6.75286, 6.94947, 7.0506, 7.24718, 7.488, 7.69045, 8.08189, 8.20803, 8.93257, 9.4935, 9.9846, 11.2132, 13.3357, 15.3351, 11.2082, 2.97271, 0.185193, 0.0339467, 0.0204023, 0.0167389, 0.0142609, 0.0140793, 0.0112656, 0.0112761, 0.0110798, 0.0137279, 0.0112422, 0.0131531, 0.0151979, 0.0143559, 4.46791
0.136021, 0.135172, 0.141756, 0.134309, 0.139424, 0.139139, 0.147192, 0.146221, 0.147951, 0.150107, 0.153471, 0.156915, 0.15298, 0.163566, 0.158959, 0.166777, 0.1631, 0.170419, 0.168602, 0.171275, 0.171034, 0.1767, 0.164883, 0.18198, 0.183284, 0.185585, 0.184455, 0.19249, 0.196486, 0.201203, 0.20395, 0.189876, 0.208461, 0.202586, 0.208484, 0.211518, 0.217416, 0.22464, 0.230714, 0.242457, 0.246241, 0.267977, 0.284805, 0.299538, 0.336395, 0.40007, 0.460054, 0.336245, 0.0891813, 0.00555579, 0.0010184, 0.00061207, 0.000502167, 0.000427828, 0.000422378, 0.000337969, 0.000338282, 0.000332395, 0.000411837, 0.000337265, 0.000394593, 0.000455938, 0.000430677, 0.134037
0, 0.615951, 1.2319, 1.84785, 2.4638, 3.07975, 3.6957, 4.31165, 4.9276, 5.54356, 6.15951, 6.77546, 7.39141, 8.00736, 8.62331, 9.23926, 9.85521, 10.4712, 11.0871, 11.7031, 12.319, 12.935, 13.5509, 14.1669, 14.7828, 15.3988, 16.0147, 16.6307, 17.2466, 17.8626, 18.4785, 19.0945, 19.7104, 20.3264, 20.9423, 21.5583, 22.1742, 22.7902, 23.4061, 24.0221, 24.638, 25.254, 25.8699, 26.4859, 27.1018, 27.7178, 28.3337, 28.9497, 29.5656, 30.1816, 30.7975, 31.4135, 32.0294, 32.6454, 33.2613, 33.8773, 34.4932, 35.1092, 35.7251, 36.3411, 36.957, 37.573, 38.1889, 38.8049, 39.4208, 40.0368, 40.6527, 41.2687, 41.8846, 42.5006, 43.1165, 43.7325, 44.3484, 44.9644, 45.5803, 46.1963, 46.8122, 47.4282, 48.0441, 48.6601, 49.276, 49.892, 50.5079, 51.1239, 51.7399, 52.3558, 52.9718, 53.5877, 54.2037, 54.8196, 55.4356, 56.0515, 56.6675, 57.2834, 57.8994, 58.5153, 59.1313, 59.7472, 60.3632, 60.9791, 61.5951, 62.211, 62.827, 63.4429, 64.0589, 64.6748, 65.2908, 65.9067, 66.5227, 67.1386, 67.7546, 68.3705, 68.9865, 69.6024, 70.2184, 70.8343, 71.4503, 72.0662, 72.6822, 73.2981, 73.9141, 74.53, 75.146, 75.7619, 76.3779, 76.9938, 77.6098, 78.2257, 78.8417, 79.4576, 80.0736, 80.6895, 81.3055, 81.9214, 82.5374, 83.1533, 83.7693, 84.3852, 85.0012, 85.6171, 86.2331, 86.849, 87.465, 88.0809, 88.6969, 89.3128, 89.9288, 90.5447, 91.1607, 91.7766, 92.3926, 93.0085, 93.6245, 94.2404, 94.8564, 95.4723, 96.0883, 96.7042, 97.3202, 97.9361, 98.5521, 99.168, 99.784, 100.4, 101.016, 101.632, 102.248, 102.864, 103.48, 104.096, 104.712, 105.328, 105.944, 106.559, 107.175, 107.791, 108.407, 109.023, 109.639, 110.255, 110.871, 111.487, 112.103, 112.719, 113.335, 113.951, 114.567, 115.183, 115.799, 116.415, 117.031, 117.647, 118.263, 118.878, 119.494, 120.11, 120.726, 121.342, 121.958, 122.574, 123.19, 123.806, 124.422, 125.038, 125.654, 126.27, 126.886, 127.502, 128.118, 128.734, 129.35, 129.966, 130.582, 131.197, 131.813, 132.429, 133.045, 133.661, 134.277, 134.893, 135.509, 136.125, 136.741, 137.357, 137.973, 138.589, 139.205, 139.821, 140.437, 141.053, 141.669, 142.285, 142.901, 143.516, 144.132, 144.748, 145.364, 145.98, 146.596, 147.212, 147.828, 148.444, 149.06, 149.676, 150.292, 150.908, 151.524, 152.14, 152.756, 153.372, 153.988, 154.604, 155.22, 155.836, 156.451, 157.067, 157.683, 158.299, 158.915, 159.531, 160.147, 160.763, 161.379, 161.995, 162.611, 163.227, 163.843, 164.459, 165.075, 165.691, 166.307, 166.923, 167.539, 168.155, 168.77, 169.386, 170.002, 170.618, 171.234, 171.85, 172.466, 173.082, 173.698, 174.314, 174.93, 175.546, 176.162, 176.778, 177.394, 178.01, 178.626, 179.242, 179.858, 180.474, 181.089, 181.705, 182.321, 182.937, 183.553, 184.169, 184.785, 185.401, 186.017, 186.633, 187.249, 187.865, 188.481, 189.097, 189.713, 190.329, 190.945, 191.561, 192.177, 192.793, 193.408, 194.024, 194.64, 195.256, 195.872, 196.488
0, 0, 0, 0, 0, 0, 0, 0, 0, 0, 0, 0, 0, 0, 0, 0, 0, 0, 0, 0, 0, 0, 0, 0, 0, 0, 0, 0, 0, 0, 0, 0, 0, 0, 0, 0, 0, 0, 0, 0, 0, 0, 0, 0, 0, 0, 0, 0, 0, 0, 0, 0, 0, 0, 0, 0, 0, 0, 0, 0, 0, 0, 0, 0, 0, 0, 0, 0, 0, 0, 0, 0, 0, 0, 0, 0, 0, 0, 0, 0, 0, 0, 0, 0, 0, 0, 0, 0, 0, 0, 0, 0, 0, 0, 0, 0, 0, 0, 0, 0, 0, 0, 0, 0, 0, 0, 0, 0, 0, 0, 0, 0, 0, 0, 0, 0, 0, 0, 0, 0, 0, 0, 0, 0, 0, 0, 0, 0, 0, 0, 0, 0, 0, 0, 0, 0, 0, 0, 0, 0, 0, 0, 0, 0, 0, 0, 0, 0, 0, 0, 0, 0, 0, 0, 0, 0, 0, 0, 0, 0, 0, 0, 0, 0, 0, 0, 0, 0, 0, 0, 0, 0, 0, 0, 0, 0, 0, 0, 0, 0, 0, 0, 0, 0, 0, 0, 0, 0, 0, 0, 0, 0, 0, 0, 0, 0, 0, 0, 0, 0, 0, 0, 0, 0, 0, 0, 0, 0, 0, 0, 0, 0, 0, 0, 0, 0, 0, 0, 0, 0, 0, 0, 0, 0, 0, 0, 0, 0, 0, 0, 0, 0, 0, 0, 0, 0, 0, 0, 0, 0, 0, 0, 0, 0, 0, 0, 0, 0, 0, 0, 0, 0, 0, 0, 0, 0, 0, 0, 0, 0, 0, 0, 0, 0, 0, 0, 0, 0, 0, 0, 0, 0, 0, 0, 0, 0, 0, 0, 0, 0, 0, 0, 0, 0, 0, 0, 0, 0, 0, 0, 0, 0, 0, 0, 0, 0, 0, 0, 0, 0, 0, 0, 0, 0, 0, 0, 0, 0, 0, 0, 0, 0, 0, 0, 0, 0, 0, 0, 0, 0
0, 0, 0, 0, 0, 0, 0, 0, 0, 0, 0, 0, 0, 0, 0, 0, 0, 0, 0, 0, 0, 0, 0, 0, 0, 0, 0, 0, 0, 0, 0, 0, 0, 0, 0, 0, 0, 0, 0, 0, 0, 0, 0, 0, 0, 0, 0, 0, 0, 0, 0, 0, 0, 0, 0, 0, 0, 0, 0, 0, 0, 0, 0, 0, 0, 0, 0, 0, 0, 0, 0, 0, 0, 0, 0, 0, 0, 0, 0, 0, 0, 0, 0, 0, 0, 0, 0, 0, 0, 0, 0, 0, 0, 0, 0, 0, 0, 0, 0, 0, 0, 0, 0, 0, 0, 0, 0, 0, 0, 0, 0, 0, 0, 0, 0, 0, 0, 0, 0, 0, 0, 0, 0, 0, 0, 0, 0, 0, 0, 0, 0, 0, 0, 0, 0, 0, 0, 0, 0, 0, 0, 0, 0, 0, 0, 0, 0, 0, 0, 0, 0, 0, 0, 0, 0, 0, 0, 0, 0, 0, 0, 0, 0, 0, 0, 0, 0, 0, 0, 0, 0, 0, 0, 0, 0, 0, 0, 0, 0, 0, 0, 0, 0, 0, 0, 0, 0, 0, 0, 0, 0, 0, 0, 0, 0, 0, 0, 0, 0, 0, 0, 0, 0, 0, 0, 0, 0, 0, 0, 0, 0, 0, 0, 0, 0, 0, 0, 0, 0, 0, 0, 0, 0, 0, 0, 0, 0, 0, 0, 0, 0, 0, 0, 0, 0, 0, 0, 0, 0, 0, 0, 0, 0, 0, 0, 0, 0, 0, 0, 0, 0, 0, 0, 0, 0, 0, 0, 0, 0, 0, 0, 0, 0, 0, 0, 0, 0, 0, 0, 0, 0, 0, 0, 0, 0, 0, 0, 0, 0, 0, 0, 0, 0, 0, 0, 0, 0, 0, 0, 0, 0, 0, 0, 0, 0, 0, 0, 0, 0, 0, 0, 0, 0, 0, 0, 0, 0, 0, 0, 0, 0, 0, 0, 0, 0, 0, 0, 0, 0, 0
-
-
 
MEASUREMENT 8
1.55269, 4.65806, 7.76344, 10.8688, 13.9742, 17.0796, 20.1849, 23.2903, 26.3957, 29.5011, 32.6116, 35.7273, 38.8327, 41.9485, 45.0642, 48.1799, 51.2957, 54.4114, 57.5323, 60.6481, 63.7638, 66.8796, 69.9849, 73.0913, 76.1925, 79.303, 82.4239, 85.5397, 88.6606, 91.7763, 94.8921, 98.0078, 101.095, 104.143, 107.191, 110.239, 113.286, 116.334, 119.382, 122.43, 125.478, 128.526, 131.574, 134.622, 137.67, 140.718, 143.766, 146.814, 149.861, 152.909, 155.957, 159.005, 162.053, 165.101, 168.144, 171.192, 174.24, 177.288, 180.336, 183.384, 186.431, 189.479, 192.527, 195.575
4.50607, 4.72444, 4.47739, 4.64645, 4.63802, 4.9061, 4.87389, 4.93099, 5.00385, 5.11537, 5.23135, 5.09977, 5.45321, 5.29883, 5.56021, 5.43733, 5.6822, 5.621, 5.70982, 5.70018, 5.89152, 5.49371, 6.06717, 6.11085, 6.18728, 6.15035, 6.41838, 6.55098, 6.70912, 6.79859, 6.33155, 6.95018, 6.755, 6.95235, 7.05314, 7.25003, 7.49016, 7.69342, 8.08469, 8.21192, 8.93612, 9.49725, 9.99011, 11.2195, 13.3441, 15.3478, 11.2198, 2.98016, 0.187742, 0.0341093, 0.0204635, 0.0168143, 0.0142992, 0.0141292, 0.0112133, 0.0114167, 0.011058, 0.0136415, 0.0112565, 0.0132015, 0.0150781, 0.014413, 4.46296, 4.53375
0.135182, 0.141733, 0.134322, 0.139393, 0.139141, 0.147183, 0.146217, 0.14793, 0.150115, 0.153461, 0.156941, 0.152993, 0.163596, 0.158965, 0.166806, 0.16312, 0.170466, 0.16863, 0.171295, 0.171005, 0.176746, 0.164811, 0.182015, 0.183325, 0.185618, 0.18451, 0.192551, 0.19653, 0.201274, 0.203958, 0.189946, 0.208506, 0.20265, 0.20857, 0.211594, 0.217501, 0.224705, 0.230803, 0.242541, 0.246358, 0.268083, 0.284917, 0.299703, 0.336584, 0.400323, 0.460435, 0.336595, 0.0894048, 0.00563227, 0.00102328, 0.000613906, 0.00050443, 0.000428976, 0.000423876, 0.000336398, 0.0003425, 0.000331741, 0.000409245, 0.000337696, 0.000396044, 0.000452344, 0.000432391, 0.133889, 0.136012
0, 0.615951, 1.2319, 1.84785, 2.4638, 3.07975, 3.6957, 4.31165, 4.9276, 5.54356, 6.15951, 6.77546, 7.39141, 8.00736, 8.62331, 9.23926, 9.85521, 10.4712, 11.0871, 11.7031, 12.319, 12.935, 13.5509, 14.1669, 14.7828, 15.3988, 16.0147, 16.6307, 17.2466, 17.8626, 18.4785, 19.0945, 19.7104, 20.3264, 20.9423, 21.5583, 22.1742, 22.7902, 23.4061, 24.0221, 24.638, 25.254, 25.8699, 26.4859, 27.1018, 27.7178, 28.3337, 28.9497, 29.5656, 30.1816, 30.7975, 31.4135, 32.0294, 32.6454, 33.2613, 33.8773, 34.4932, 35.1092, 35.7251, 36.3411, 36.957, 37.573, 38.1889, 38.8049, 39.4208, 40.0368, 40.6527, 41.2687, 41.8846, 42.5006, 43.1165, 43.7325, 44.3484, 44.9644, 45.5803, 46.1963, 46.8122, 47.4282, 48.0441, 48.6601, 49.276, 49.892, 50.5079, 51.1239, 51.7399, 52.3558, 52.9718, 53.5877, 54.2037, 54.8196, 55.4356, 56.0515, 56.6675, 57.2834, 57.8994, 58.5153, 59.1313, 59.7472, 60.3632, 60.9791, 61.5951, 62.211, 62.827, 63.4429, 64.0589, 64.6748, 65.2908, 65.9067, 66.5227, 67.1386, 67.7546, 68.3705, 68.9865, 69.6024, 70.2184, 70.8343, 71.4503, 72.0662, 72.6822, 73.2981, 73.9141, 74.53, 75.146, 75.7619, 76.3779, 76.9938, 77.6098, 78.2257, 78.8417, 79.4576, 80.0736, 80.6895, 81.3055, 81.9214, 82.5374, 83.1533, 83.7693, 84.3852, 85.0012, 85.6171, 86.2331, 86.849, 87.465, 88.0809, 88.6969, 89.3128, 89.9288, 90.5447, 91.1607, 91.7766, 92.3926, 93.0085, 93.6245, 94.2404, 94.8564, 95.4723, 96.0883, 96.7042, 97.3202, 97.9361, 98.5521, 99.168, 99.784, 100.4, 101.016, 101.632, 102.248, 102.864, 103.48, 104.096, 104.712, 105.328, 105.944, 106.559, 107.175, 107.791, 108.407, 109.023, 109.639, 110.255, 110.871, 111.487, 112.103, 112.719, 113.335, 113.951, 114.567, 115.183, 115.799, 116.415, 117.031, 117.647, 118.263, 118.878, 119.494, 120.11, 120.726, 121.342, 121.958, 122.574, 123.19, 123.806, 124.422, 125.038, 125.654, 126.27, 126.886, 127.502, 128.118, 128.734, 129.35, 129.966, 130.582, 131.197, 131.813, 132.429, 133.045, 133.661, 134.277, 134.893, 135.509, 136.125, 136.741, 137.357, 137.973, 138.589, 139.205, 139.821, 140.437, 141.053, 141.669, 142.285, 142.901, 143.516, 144.132, 144.748, 145.364, 145.98, 146.596, 147.212, 147.828, 148.444, 149.06, 149.676, 150.292, 150.908, 151.524, 152.14, 152.756, 153.372, 153.988, 154.604, 155.22, 155.836, 156.451, 157.067, 157.683, 158.299, 158.915, 159.531, 160.147, 160.763, 161.379, 161.995, 162.611, 163.227, 163.843, 164.459, 165.075, 165.691, 166.307, 166.923, 167.539, 168.155, 168.77, 169.386, 170.002, 170.618, 171.234, 171.85, 172.466, 173.082, 173.698, 174.314, 174.93, 175.546, 176.162, 176.778, 177.394, 178.01, 178.626, 179.242, 179.858, 180.474, 181.089, 181.705, 182.321, 182.937, 183.553, 184.169, 184.785, 185.401, 186.017, 186.633, 187.249, 187.865, 188.481, 189.097, 189.713, 190.329, 190.945, 191.561, 192.177, 192.793, 193.408, 194.024, 194.64, 195.256, 195.872, 196.488
0, 0, 0, 0, 0, 0, 0, 0, 0, 0, 0, 0, 0, 0, 0, 0, 0, 0, 0, 0, 0, 0, 0, 0, 0, 0, 0, 0, 0, 0, 0, 0, 0, 0, 0, 0, 0, 0, 0, 0, 0, 0, 0, 0, 0, 0, 0, 0, 0, 0, 0, 0, 0, 0, 0, 0, 0, 0, 0, 0, 0, 0, 0, 0, 0, 0, 0, 0, 0, 0, 0, 0, 0, 0, 0, 0, 0, 0, 0, 0, 0, 0, 0, 0, 0, 0, 0, 0, 0, 0, 0, 0, 0, 0, 0, 0, 0, 0, 0, 0, 0, 0, 0, 0, 0, 0, 0, 0, 0, 0, 0, 0, 0, 0, 0, 0, 0, 0, 0, 0, 0, 0, 0, 0, 0, 0, 0, 0, 0, 0, 0, 0, 0, 0, 0, 0, 0, 0, 0, 0, 0, 0, 0, 0, 0, 0, 0, 0, 0, 0, 0, 0, 0, 0, 0, 0, 0, 0, 0, 0, 0, 0, 0, 0, 0, 0, 0, 0, 0, 0, 0, 0, 0, 0, 0, 0, 0, 0, 0, 0, 0, 0, 0, 0, 0, 0, 0, 0, 0, 0, 0, 0, 0, 0, 0, 0, 0, 0, 0, 0, 0, 0, 0, 0, 0, 0, 0, 0, 0, 0, 0, 0, 0, 0, 0, 0, 0, 0, 0, 0, 0, 0, 0, 0, 0, 0, 0, 0, 0, 0, 0, 0, 0, 0, 0, 0, 0, 0, 0, 0, 0, 0, 0, 0, 0, 0, 0, 0, 0, 0, 0, 0, 0, 0, 0, 0, 0, 0, 0, 0, 0, 0, 0, 0, 0, 0, 0, 0, 0, 0, 0, 0, 0, 0, 0, 0, 0, 0, 0, 0, 0, 0, 0, 0, 0, 0, 0, 0, 0, 0, 0, 0, 0, 0, 0, 0, 0, 0, 0, 0, 0, 0, 0, 0, 0, 0, 0, 0, 0, 0, 0, 0, 0, 0, 0, 0, 0, 0, 0, 0
0, 0, 0, 0, 0, 0, 0, 0, 0, 0, 0, 0, 0, 0, 0, 0, 0, 0, 0, 0, 0, 0, 0, 0, 0, 0, 0, 0, 0, 0, 0, 0, 0, 0, 0, 0, 0, 0, 0, 0, 0, 0, 0, 0, 0, 0, 0, 0, 0, 0, 0, 0, 0, 0, 0, 0, 0, 0, 0, 0, 0, 0, 0, 0, 0, 0, 0, 0, 0, 0, 0, 0, 0, 0, 0, 0, 0, 0, 0, 0, 0, 0, 0, 0, 0, 0, 0, 0, 0, 0, 0, 0, 0, 0, 0, 0, 0, 0, 0, 0, 0, 0, 0, 0, 0, 0, 0, 0, 0, 0, 0, 0, 0, 0, 0, 0, 0, 0, 0, 0, 0, 0, 0, 0, 0, 0, 0, 0, 0, 0, 0, 0, 0, 0, 0, 0, 0, 0, 0, 0, 0, 0, 0, 0, 0, 0, 0, 0, 0, 0, 0, 0, 0, 0, 0, 0, 0, 0, 0, 0, 0, 0, 0, 0, 0, 0, 0, 0, 0, 0, 0, 0, 0, 0, 0, 0, 0, 0, 0, 0, 0, 0, 0, 0, 0, 0, 0, 0, 0, 0, 0, 0, 0, 0, 0, 0, 0, 0, 0, 0, 0, 0, 0, 0, 0, 0, 0, 0, 0, 0, 0, 0, 0, 0, 0, 0, 0, 0, 0, 0, 0, 0, 0, 0, 0, 0, 0, 0, 0, 0, 0, 0, 0, 0, 0, 0, 0, 0, 0, 0, 0, 0, 0, 0, 0, 0, 0, 0, 0, 0, 0, 0, 0, 0, 0, 0, 0, 0, 0, 0, 0, 0, 0, 0, 0, 0, 0, 0, 0, 0, 0, 0, 0, 0, 0, 0, 0, 0, 0, 0, 0, 0, 0, 0, 0, 0, 0, 0, 0, 0, 0, 0, 0, 0, 0, 0, 0, 0, 0, 0, 0, 0, 0, 0, 0, 0, 0, 0, 0, 0, 0, 0, 0, 0, 0, 0, 0, 0, 0, 0
-
-
 
MEASUREMENT 9
1.55269, 4.65806, 7.76344, 10.8688, 13.9742, 17.0796, 20.1849, 23.2903, 26.3957, 29.5011, 32.6116, 35.7273, 38.8327, 41.9485, 45.0642, 48.1799, 51.2957, 54.4114, 57.5323, 60.6481, 63.7638, 66.8796, 69.9849, 73.0913, 76.1925, 79.303, 82.4239, 85.5397, 88.6606, 91.7763, 94.8921, 98.0078, 101.095, 104.143, 107.191, 110.239, 113.286, 116.334, 119.382, 122.43, 125.478, 128.526, 131.574, 134.622, 137.67, 140.718, 143.766, 146.814, 149.861, 152.909, 155.957, 159.005, 162.053, 165.101, 168.144, 171.192, 174.24, 177.288, 180.336, 183.384, 186.431, 189.479, 192.527, 195.575
4.64813, 4.56646, 4.58849, 4.64248, 4.81282, 4.88678, 4.91297, 4.98053, 5.0776, 5.1932, 5.1487, 5.33142, 5.35643, 5.47077, 5.48308, 5.59869, 5.64635, 5.68104, 5.70675, 5.82749, 5.63645, 5.86666, 6.09922, 6.16409, 6.16785, 6.32792, 6.50829, 6.65789, 6.7704, 6.50026, 6.73513, 6.82869, 6.88708, 7.02222, 7.18544, 7.40966, 7.62689, 7.95244, 8.17366, 8.68682, 9.30689, 9.82373, 10.7945, 12.6063, 14.658, 12.6959, 5.89888, 1.17294, 0.0874246, 0.0249319, 0.0180186, 0.0151258, 0.0143138, 0.0122928, 0.0114362, 0.0111718, 0.0127959, 0.0121472, 0.0122585, 0.0145649, 0.0146233, 2.88831, 4.51179, 4.51705
0.139444, 0.136994, 0.137655, 0.139274, 0.144384, 0.146603, 0.147389, 0.149416, 0.152328, 0.155796, 0.154461, 0.159942, 0.160693, 0.164123, 0.164492, 0.167961, 0.16939, 0.170431, 0.171202, 0.174825, 0.169094, 0.176, 0.182977, 0.184923, 0.185036, 0.189838, 0.195249, 0.199737, 0.203112, 0.195008, 0.202054, 0.204861, 0.206612, 0.210667, 0.215563, 0.22229, 0.228807, 0.238573, 0.24521, 0.260605, 0.279207, 0.294712, 0.323836, 0.37819, 0.43974, 0.380878, 0.176966, 0.0351881, 0.00262274, 0.000747956, 0.000540558, 0.000453773, 0.000429413, 0.000368785, 0.000343087, 0.000335153, 0.000383876, 0.000364417, 0.000367754, 0.000436947, 0.000438698, 0.0866494, 0.135354, 0.135512
0, 0.615951, 1.2319, 1.84785, 2.4638, 3.07975, 3.6957, 4.31165, 4.9276, 5.54356, 6.15951, 6.77546, 7.39141, 8.00736, 8.62331, 9.23926, 9.85521, 10.4712, 11.0871, 11.7031, 12.319, 12.935, 13.5509, 14.1669, 14.7828, 15.3988, 16.0147, 16.6307, 17.2466, 17.8626, 18.4785, 19.0945, 19.7104, 20.3264, 20.9423, 21.5583, 22.1742, 22.7902, 23.4061, 24.0221, 24.638, 25.254, 25.8699, 26.4859, 27.1018, 27.7178, 28.3337, 28.9497, 29.5656, 30.1816, 30.7975, 31.4135, 32.0294, 32.6454, 33.2613, 33.8773, 34.4932, 35.1092, 35.7251, 36.3411, 36.957, 37.573, 38.1889, 38.8049, 39.4208, 40.0368, 40.6527, 41.2687, 41.8846, 42.5006, 43.1165, 43.7325, 44.3484, 44.9644, 45.5803, 46.1963, 46.8122, 47.4282, 48.0441, 48.6601, 49.276, 49.892, 50.5079, 51.1239, 51.7399, 52.3558, 52.9718, 53.5877, 54.2037, 54.8196, 55.4356, 56.0515, 56.6675, 57.2834, 57.8994, 58.5153, 59.1313, 59.7472, 60.3632, 60.9791, 61.5951, 62.211, 62.827, 63.4429, 64.0589, 64.6748, 65.2908, 65.9067, 66.5227, 67.1386, 67.7546, 68.3705, 68.9865, 69.6024, 70.2184, 70.8343, 71.4503, 72.0662, 72.6822, 73.2981, 73.9141, 74.53, 75.146, 75.7619, 76.3779, 76.9938, 77.6098, 78.2257, 78.8417, 79.4576, 80.0736, 80.6895, 81.3055, 81.9214, 82.5374, 83.1533, 83.7693, 84.3852, 85.0012, 85.6171, 86.2331, 86.849, 87.465, 88.0809, 88.6969, 89.3128, 89.9288, 90.5447, 91.1607, 91.7766, 92.3926, 93.0085, 93.6245, 94.2404, 94.8564, 95.4723, 96.0883, 96.7042, 97.3202, 97.9361, 98.5521, 99.168, 99.784, 100.4, 101.016, 101.632, 102.248, 102.864, 103.48, 104.096, 104.712, 105.328, 105.944, 106.559, 107.175, 107.791, 108.407, 109.023, 109.639, 110.255, 110.871, 111.487, 112.103, 112.719, 113.335, 113.951, 114.567, 115.183, 115.799, 116.415, 117.031, 117.647, 118.263, 118.878, 119.494, 120.11, 120.726, 121.342, 121.958, 122.574, 123.19, 123.806, 124.422, 125.038, 125.654, 126.27, 126.886, 127.502, 128.118, 128.734, 129.35, 129.966, 130.582, 131.197, 131.813, 132.429, 133.045, 133.661, 134.277, 134.893, 135.509, 136.125, 136.741, 137.357, 137.973, 138.589, 139.205, 139.821, 140.437, 141.053, 141.669, 142.285, 142.901, 143.516, 144.132, 144.748, 145.364, 145.98, 146.596, 147.212, 147.828, 148.444, 149.06, 149.676, 150.292, 150.908, 151.524, 152.14, 152.756, 153.372, 153.988, 154.604, 155.22, 155.836, 156.451, 157.067, 157.683, 158.299, 158.915, 159.531, 160.147, 160.763, 161.379, 161.995, 162.611, 163.227, 163.843, 164.459, 165.075, 165.691, 166.307, 166.923, 167.539, 168.155, 168.77, 169.386, 170.002, 170.618, 171.234, 171.85, 172.466, 173.082, 173.698, 174.314, 174.93, 175.546, 176.162, 176.778, 177.394, 178.01, 178.626, 179.242, 179.858, 180.474, 181.089, 181.705, 182.321, 182.937, 183.553, 184.169, 184.785, 185.401, 186.017, 186.633, 187.249, 187.865, 188.481, 189.097, 189.713, 190.329, 190.945, 191.561, 192.177, 192.793, 193.408, 194.024, 194.64, 195.256, 195.872, 196.488
4.98824, 4.99157, 4.99493, 4.99833, 5.00177, 5.00523, 5.00874, 5.01228, 5.01586, 5.01947, 5.02312, 5.02681, 5.03054, 5.03431, 5.03812, 5.04196, 5.04585, 5.04978, 5.05375, 5.05776, 5.06181, 5.06591, 5.07005, 5.07423, 5.07845, 5.08273, 5.08704, 5.09141, 5.09582, 5.10027, 5.10478, 5.10933, 5.11393, 5.11859, 5.12329, 5.12804, 5.13285, 5.1377, 5.14261, 5.14757, 5.15259, 5.15766, 5.16279, 5.16798, 5.17322, 5.17852, 5.18388, 5.1893, 5.19477, 5.20031, 5.20592, 5.21158, 5.21731, 5.2231, 5.22896, 5.23489, 5.24088, 5.24695, 5.25308, 5.25928, 5.26555, 5.2719, 5.27832, 5.28482, 5.29139, 5.29804, 5.30476, 5.31157, 5.31846, 5.32543, 5.33248, 5.33961, 5.34684, 5.35415, 5.36154, 5.36903, 5.37661, 5.38428, 5.39205, 5.39991, 5.40787, 5.41593, 5.42409, 5.43236, 5.44072, 5.4492, 5.45778, 5.46647, 5.47527, 5.48419, 5.49322, 5.50237, 5.51164, 5.52103, 5.53054, 5.54019, 5.54996, 5.55986, 5.56989, 5.58006, 5.59037, 5.60082, 5.61142, 5.62216, 5.63305, 5.64409, 5.65529, 5.66664, 5.67816, 5.68985, 5.7017, 5.71372, 5.72592, 5.7383, 5.75086, 5.76361, 5.77655, 5.78968, 5.80302, 5.81655, 5.8303, 5.84425, 5.85843, 5.87282, 5.88745, 5.90231, 5.9174, 5.93274, 5.94833, 5.96417, 5.98028, 5.99666, 6.01331, 6.03024, 6.04746, 6.06498, 6.0828, 6.10093, 6.11938, 6.13816, 6.15728, 6.17675, 6.19657, 6.21676, 6.23733, 6.25828, 6.27963, 6.30139, 6.32357, 6.34619, 6.36926, 6.39278, 6.41679, 6.44128, 6.46628, 6.4918, 6.51786, 6.54448, 6.57168, 6.59947, 6.62787, 6.65692, 6.68662, 6.71701, 6.74811, 6.77994, 6.81253, 6.84592, 6.88013, 6.91519, 6.95115, 6.98803, 7.02587, 7.06472, 7.10462, 7.14561, 7.18774, 7.23107, 7.27565, 7.32154, 7.36879, 7.41749, 7.4677, 7.5195, 7.57297, 7.62821, 7.6853, 7.74436, 7.80549, 7.86883, 7.93449, 8.00264, 8.07342, 8.14701, 8.2236, 8.3034, 8.38665, 8.47359, 8.56451, 8.65974, 8.75962, 8.86456, 8.97502, 9.0915, 9.21459, 9.34499, 9.48347, 9.63097, 9.78858, 9.95761, 10.1397, 10.3367, 10.551, 10.7855, 11.0438, 11.3297, 11.6475, 12.0007, 12.3914, 12.8176, 13.271, 13.7337, 14.1759, 14.5542, 14.8133, 14.8909, 14.7266, 14.2727, 13.5058, 12.435, 11.104, 9.5996, 8.0169, 6.45182, 4.99546, 3.71617, 2.65303, 1.81591, 1.1907, 0.747418, 0.448874, 0.257792, 0.141517, 0.0742312, 0.0371925, 0.0177943, 0.00812677, 0.00354133, 0.00147108, 0.000581195, 0.000216853, 7.45197e-05, 2.09799e-05, 3.0826e-06, 9.92027e-07, 3.04101e-07, 8.87976e-08, 2.46986e-08, 6.54385e-09, 1.65151e-09, 3.97027e-10, 9.09171e-11, 1.98317e-11, 4.12062e-12, 8.15556e-13, 1.53757e-13, 2.76122e-14, 4.72344e-15, 7.69669e-16, 1.19464e-16, 1.76628e-17, 2.48754e-18, 3.3371e-19, 4.26439e-20, 5.19078e-21, 6.01862e-22, 6.64737e-23, 6.99344e-24, 7.00843e-25, 6.69019e-26, 6.08338e-27, 5.26914e-28, 4.34733e-29, 3.4166e-30, 2.55773e-31, 1.82391e-32, 1.23891e-33, 8.01614e-35, 4.94059e-36, 2.90055e-37, 1.62207e-38, 8.64071e-40, 4.38446e-41, 2.1192e-42, 9.75698e-44, 4.27905e-45, 1.78759e-46, 7.11339e-48, 2.69633e-49, 9.7355e-51, 3.34836e-52, 1.09697e-53, 3.42329e-55, 1.01761e-56, 2.88144e-58, 7.77184e-60, 1.99677e-61, 4.88673e-63, 1.1392e-64, 2.52968e-66, 5.35084e-68, 1.07812e-69, 2.06918e-71, 3.78286e-73, 6.58763e-75, 1.09276e-76, 1.72668e-78, 2.59888e-80, 3.72604e-82, 5.08859e-84
4.98824, 4.9919, 4.99559, 4.99932, 5.00309, 5.00689, 5.01074, 5.01462, 5.01854, 5.02251, 5.02651, 5.03055, 5.03464, 5.03877, 5.04294, 5.04715, 5.05141, 5.05571, 5.06005, 5.06444, 5.06888, 5.07336, 5.07789, 5.08246, 5.08709, 5.09176, 5.09648, 5.10125, 5.10607, 5.11095, 5.11587, 5.12085, 5.12588, 5.13096, 5.1361, 5.14129, 5.14654, 5.15184, 5.15721, 5.16263, 5.16811, 5.17365, 5.17924, 5.18491, 5.19063, 5.19641, 5.20226, 5.20818, 5.21416, 5.22021, 5.22632, 5.2325, 5.23876, 5.24508, 5.25147, 5.25794, 5.26448, 5.2711, 5.27779, 5.28456, 5.2914, 5.29833, 5.30534, 5.31242, 5.31959, 5.32685, 5.33419, 5.34162, 5.34913, 5.35674, 5.36443, 5.37222, 5.3801, 5.38808, 5.39615, 5.40433, 5.4126, 5.42098, 5.42946, 5.43804, 5.44673, 5.45553, 5.46444, 5.47347, 5.4826, 5.49186, 5.50123, 5.51072, 5.52034, 5.53008, 5.53995, 5.54995, 5.56008, 5.57035, 5.58075, 5.59129, 5.60197, 5.6128, 5.62378, 5.6349, 5.64618, 5.65762, 5.66921, 5.68097, 5.69289, 5.70498, 5.71725, 5.72969, 5.74231, 5.75511, 5.7681, 5.78128, 5.79465, 5.80823, 5.82201, 5.836, 5.85019, 5.86461, 5.87925, 5.89412, 5.90921, 5.92455, 5.94013, 5.95596, 5.97204, 5.98838, 6.00499, 6.02187, 6.03904, 6.05649, 6.07423, 6.09228, 6.11064, 6.12931, 6.14831, 6.16764, 6.18732, 6.20735, 6.22774, 6.2485, 6.26964, 6.29118, 6.31312, 6.33547, 6.35825, 6.38148, 6.40515, 6.42929, 6.45391, 6.47903, 6.50466, 6.53081, 6.55751, 6.58477, 6.61261, 6.64104, 6.6701, 6.6998, 6.73016, 6.7612, 6.79295, 6.82544, 6.85869, 6.89273, 6.92759, 6.96331, 6.9999, 7.03742, 7.0759, 7.11537, 7.15587, 7.19746, 7.24018, 7.28407, 7.32919, 7.37559, 7.42334, 7.4725, 7.52313, 7.57531, 7.62911, 7.68462, 7.74193, 7.80113, 7.86233, 7.92563, 7.99116, 8.05905, 8.12944, 8.20248, 8.27835, 8.35722, 8.43929, 8.5248, 8.61397, 8.70708, 8.80442, 8.90633, 9.01318, 9.12537, 9.24338, 9.36773, 9.49902, 9.63794, 9.78528, 9.94195, 10.109, 10.2878, 10.4798, 10.6868, 10.9111, 11.1557, 11.4241, 11.7209, 12.052, 12.4248, 12.848, 13.331, 13.883, 14.5101, 15.2113, 15.9739, 16.7676, 17.5408, 18.2194, 18.7113, 18.917, 18.7457, 18.134, 17.0623, 15.565, 13.7289, 11.6814, 9.56936, 7.53537, 5.69613, 4.12886, 2.86719, 1.90602, 1.21217, 0.737114, 0.428394, 0.237861, 0.126133, 0.0638612, 0.0308625, 0.0142329, 0.00626146, 0.00262608, 0.00104833, 0.00039645, 0.00013965, 4.21726e-05, 7.99022e-06, 2.57033e-06, 7.88725e-07, 2.30543e-07, 6.41897e-08, 1.70243e-08, 4.3009e-09, 1.035e-09, 2.37251e-10, 5.18042e-11, 1.07748e-11, 2.13474e-12, 4.02872e-13, 7.24233e-14, 1.24016e-14, 2.02286e-15, 3.14299e-16, 4.65166e-17, 6.55785e-18, 8.8065e-19, 1.12651e-19, 1.37263e-20, 1.59316e-21, 1.76139e-22, 1.85498e-23, 1.86085e-24, 1.77817e-25, 1.61854e-26, 1.40333e-27, 1.15901e-28, 9.11801e-30, 6.83286e-31, 4.87746e-32, 3.31645e-33, 2.14803e-34, 1.32525e-35, 7.78826e-37, 4.35986e-38, 2.32484e-39, 1.18087e-40, 5.71346e-42, 2.63321e-43, 1.156e-44, 4.83415e-46, 1.92562e-47, 7.30648e-49, 2.64079e-50, 9.09179e-52, 2.98162e-53, 9.31414e-55, 2.77154e-56, 7.85577e-58, 2.12101e-59, 5.4549e-61, 1.33634e-62, 3.11844e-64, 6.93179e-66, 1.46771e-67, 2.96022e-69, 5.68717e-71, 1.04077e-72, 1.81427e-74, 3.01258e-76, 4.76499e-78, 7.17917e-80, 1.03032e-81, 1.40851e-83
141.84
141.47
 
MEASUREMENT 10
1.55269, 4.65806, 7.76344, 10.8688, 13.9742, 17.0796, 20.1849, 23.2903, 26.3957, 29.5011, 32.6116, 35.7273, 38.8327, 41.9485, 45.0642, 48.1799, 51.2957, 54.4114, 57.5323, 60.6481, 63.7638, 66.8796, 69.9849, 73.0913, 76.1925, 79.303, 82.4239, 85.5397, 88.6606, 91.7763, 94.8921, 98.0078, 101.095, 104.143, 107.191, 110.239, 113.286, 116.334, 119.382, 122.43, 125.478, 128.526, 131.574, 134.622, 137.67, 140.718, 143.766, 146.814, 149.861, 152.909, 155.957, 159.005, 162.053, 165.101, 168.144, 171.192, 174.24, 177.288, 180.336, 183.384, 186.431, 189.479, 192.527, 195.575
4.72932, 4.48139, 4.65184, 4.64224, 4.91118, 4.87801, 4.93491, 5.01038, 5.12007, 5.23814, 5.10459, 5.46208, 5.30408, 5.56878, 5.44256, 5.69146, 5.62875, 5.71734, 5.70764, 5.90054, 5.50055, 6.0771, 6.12034, 6.19704, 6.16087, 6.42921, 6.56118, 6.72055, 6.80646, 6.34028, 6.96082, 6.76485, 6.96323, 7.06553, 7.26298, 7.50205, 7.70646, 8.09964, 8.22729, 8.95392, 9.51569, 10.0106, 11.2452, 13.3785, 15.3941, 11.2439, 2.9758, 0.185342, 0.0340503, 0.0203369, 0.016752, 0.0143005, 0.0141869, 0.0112068, 0.0113225, 0.0110938, 0.0136927, 0.0113142, 0.0131583, 0.0152643, 0.0143085, 4.47013, 4.5377, 4.50947
0.14188, 0.134442, 0.139555, 0.139267, 0.147335, 0.14634, 0.148047, 0.150311, 0.153602, 0.157144, 0.153138, 0.163862, 0.159122, 0.167063, 0.163277, 0.170744, 0.168862, 0.17152, 0.171229, 0.177016, 0.165016, 0.182313, 0.18361, 0.185911, 0.184826, 0.192876, 0.196836, 0.201616, 0.204194, 0.190208, 0.208825, 0.202946, 0.208897, 0.211966, 0.217889, 0.225062, 0.231194, 0.242989, 0.246819, 0.268617, 0.285471, 0.300319, 0.337357, 0.401355, 0.461823, 0.337318, 0.089274, 0.00556026, 0.00102151, 0.000610107, 0.00050256, 0.000429014, 0.000425607, 0.000336204, 0.000339676, 0.000332814, 0.00041078, 0.000339427, 0.000394749, 0.00045793, 0.000429254, 0.134104, 0.136131, 0.135284
0, 0.615951, 1.2319, 1.84785, 2.4638, 3.07975, 3.6957, 4.31165, 4.9276, 5.54356, 6.15951, 6.77546, 7.39141, 8.00736, 8.62331, 9.23926, 9.85521, 10.4712, 11.0871, 11.7031, 12.319, 12.935, 13.5509, 14.1669, 14.7828, 15.3988, 16.0147, 16.6307, 17.2466, 17.8626, 18.4785, 19.0945, 19.7104, 20.3264, 20.9423, 21.5583, 22.1742, 22.7902, 23.4061, 24.0221, 24.638, 25.254, 25.8699, 26.4859, 27.1018, 27.7178, 28.3337, 28.9497, 29.5656, 30.1816, 30.7975, 31.4135, 32.0294, 32.6454, 33.2613, 33.8773, 34.4932, 35.1092, 35.7251, 36.3411, 36.957, 37.573, 38.1889, 38.8049, 39.4208, 40.0368, 40.6527, 41.2687, 41.8846, 42.5006, 43.1165, 43.7325, 44.3484, 44.9644, 45.5803, 46.1963, 46.8122, 47.4282, 48.0441, 48.6601, 49.276, 49.892, 50.5079, 51.1239, 51.7399, 52.3558, 52.9718, 53.5877, 54.2037, 54.8196, 55.4356, 56.0515, 56.6675, 57.2834, 57.8994, 58.5153, 59.1313, 59.7472, 60.3632, 60.9791, 61.5951, 62.211, 62.827, 63.4429, 64.0589, 64.6748, 65.2908, 65.9067, 66.5227, 67.1386, 67.7546, 68.3705, 68.9865, 69.6024, 70.2184, 70.8343, 71.4503, 72.0662, 72.6822, 73.2981, 73.9141, 74.53, 75.146, 75.7619, 76.3779, 76.9938, 77.6098, 78.2257, 78.8417, 79.4576, 80.0736, 80.6895, 81.3055, 81.9214, 82.5374, 83.1533, 83.7693, 84.3852, 85.0012, 85.6171, 86.2331, 86.849, 87.465, 88.0809, 88.6969, 89.3128, 89.9288, 90.5447, 91.1607, 91.7766, 92.3926, 93.0085, 93.6245, 94.2404, 94.8564, 95.4723, 96.0883, 96.7042, 97.3202, 97.9361, 98.5521, 99.168, 99.784, 100.4, 101.016, 101.632, 102.248, 102.864, 103.48, 104.096, 104.712, 105.328, 105.944, 106.559, 107.175, 107.791, 108.407, 109.023, 109.639, 110.255, 110.871, 111.487, 112.103, 112.719, 113.335, 113.951, 114.567, 115.183, 115.799, 116.415, 117.031, 117.647, 118.263, 118.878, 119.494, 120.11, 120.726, 121.342, 121.958, 122.574, 123.19, 123.806, 124.422, 125.038, 125.654, 126.27, 126.886, 127.502, 128.118, 128.734, 129.35, 129.966, 130.582, 131.197, 131.813, 132.429, 133.045, 133.661, 134.277, 134.893, 135.509, 136.125, 136.741, 137.357, 137.973, 138.589, 139.205, 139.821, 140.437, 141.053, 141.669, 142.285, 142.901, 143.516, 144.132, 144.748, 145.364, 145.98, 146.596, 147.212, 147.828, 148.444, 149.06, 149.676, 150.292, 150.908, 151.524, 152.14, 152.756, 153.372, 153.988, 154.604, 155.22, 155.836, 156.451, 157.067, 157.683, 158.299, 158.915, 159.531, 160.147, 160.763, 161.379, 161.995, 162.611, 163.227, 163.843, 164.459, 165.075, 165.691, 166.307, 166.923, 167.539, 168.155, 168.77, 169.386, 170.002, 170.618, 171.234, 171.85, 172.466, 173.082, 173.698, 174.314, 174.93, 175.546, 176.162, 176.778, 177.394, 178.01, 178.626, 179.242, 179.858, 180.474, 181.089, 181.705, 182.321, 182.937, 183.553, 184.169, 184.785, 185.401, 186.017, 186.633, 187.249, 187.865, 188.481, 189.097, 189.713, 190.329, 190.945, 191.561, 192.177, 192.793, 193.408, 194.024, 194.64, 195.256, 195.872, 196.488
0, 0, 0, 0, 0, 0, 0, 0, 0, 0, 0, 0, 0, 0, 0, 0, 0, 0, 0, 0, 0, 0, 0, 0, 0, 0, 0, 0, 0, 0, 0, 0, 0, 0, 0, 0, 0, 0, 0, 0, 0, 0, 0, 0, 0, 0, 0, 0, 0, 0, 0, 0, 0, 0, 0, 0, 0, 0, 0, 0, 0, 0, 0, 0, 0, 0, 0, 0, 0, 0, 0, 0, 0, 0, 0, 0, 0, 0, 0, 0, 0, 0, 0, 0, 0, 0, 0, 0, 0, 0, 0, 0, 0, 0, 0, 0, 0, 0, 0, 0, 0, 0, 0, 0, 0, 0, 0, 0, 0, 0, 0, 0, 0, 0, 0, 0, 0, 0, 0, 0, 0, 0, 0, 0, 0, 0, 0, 0, 0, 0, 0, 0, 0, 0, 0, 0, 0, 0, 0, 0, 0, 0, 0, 0, 0, 0, 0, 0, 0, 0, 0, 0, 0, 0, 0, 0, 0, 0, 0, 0, 0, 0, 0, 0, 0, 0, 0, 0, 0, 0, 0, 0, 0, 0, 0, 0, 0, 0, 0, 0, 0, 0, 0, 0, 0, 0, 0, 0, 0, 0, 0, 0, 0, 0, 0, 0, 0, 0, 0, 0, 0, 0, 0, 0, 0, 0, 0, 0, 0, 0, 0, 0, 0, 0, 0, 0, 0, 0, 0, 0, 0, 0, 0, 0, 0, 0, 0, 0, 0, 0, 0, 0, 0, 0, 0, 0, 0, 0, 0, 0, 0, 0, 0, 0, 0, 0, 0, 0, 0, 0, 0, 0, 0, 0, 0, 0, 0, 0, 0, 0, 0, 0, 0, 0, 0, 0, 0, 0, 0, 0, 0, 0, 0, 0, 0, 0, 0, 0, 0, 0, 0, 0, 0, 0, 0, 0, 0, 0, 0, 0, 0, 0, 0, 0, 0, 0, 0, 0, 0, 0, 0, 0, 0, 0, 0, 0, 0, 0, 0, 0, 0, 0, 0, 0, 0, 0, 0, 0, 0, 0
0, 0, 0, 0, 0, 0, 0, 0, 0, 0, 0, 0, 0, 0, 0, 0, 0, 0, 0, 0, 0, 0, 0, 0, 0, 0, 0, 0, 0, 0, 0, 0, 0, 0, 0, 0, 0, 0, 0, 0, 0, 0, 0, 0, 0, 0, 0, 0, 0, 0, 0, 0, 0, 0, 0, 0, 0, 0, 0, 0, 0, 0, 0, 0, 0, 0, 0, 0, 0, 0, 0, 0, 0, 0, 0, 0, 0, 0, 0, 0, 0, 0, 0, 0, 0, 0, 0, 0, 0, 0, 0, 0, 0, 0, 0, 0, 0, 0, 0, 0, 0, 0, 0, 0, 0, 0, 0, 0, 0, 0, 0, 0, 0, 0, 0, 0, 0, 0, 0, 0, 0, 0, 0, 0, 0, 0, 0, 0, 0, 0, 0, 0, 0, 0, 0, 0, 0, 0, 0, 0, 0, 0, 0, 0, 0, 0, 0, 0, 0, 0, 0, 0, 0, 0, 0, 0, 0, 0, 0, 0, 0, 0, 0, 0, 0, 0, 0, 0, 0, 0, 0, 0, 0, 0, 0, 0, 0, 0, 0, 0, 0, 0, 0, 0, 0, 0, 0, 0, 0, 0, 0, 0, 0, 0, 0, 0, 0, 0, 0, 0, 0, 0, 0, 0, 0, 0, 0, 0, 0, 0, 0, 0, 0, 0, 0, 0, 0, 0, 0, 0, 0, 0, 0, 0, 0, 0, 0, 0, 0, 0, 0, 0, 0, 0, 0, 0, 0, 0, 0, 0, 0, 0, 0, 0, 0, 0, 0, 0, 0, 0, 0, 0, 0, 0, 0, 0, 0, 0, 0, 0, 0, 0, 0, 0, 0, 0, 0, 0, 0, 0, 0, 0, 0, 0, 0, 0, 0, 0, 0, 0, 0, 0, 0, 0, 0, 0, 0, 0, 0, 0, 0, 0, 0, 0, 0, 0, 0, 0, 0, 0, 0, 0, 0, 0, 0, 0, 0, 0, 0, 0, 0, 0, 0, 0, 0, 0, 0, 0, 0, 0
-
-
 
