UCL QuARC  
HEADERLINES: 13
Facility: TIFPA
Room: Gantry 1
Date: 2025-10-07
Time: 15:53:47
Energy: 148
Intensity: - 
Folder: TIFPA/20250930
Original data file: TIFPA/20250930/Raw/20250930_Run032_b_raw.txt
Data type: Fitted
Fit rate: 1Hz
 
MEASUREMENT 1
1.56305, 4.67879, 7.79453, 10.9103, 14.0312, 17.1469, 20.2679, 23.3784, 26.4796, 29.5859, 32.6913, 35.8071, 38.9228, 42.0385, 45.1595, 48.2752, 51.3909, 54.5067, 57.6224, 60.7381, 63.8435, 66.9593, 70.0698, 73.1752, 76.2806, 79.3859, 82.4913, 85.5967, 88.7021, 91.8074, 94.9128, 98.0182, 101.1, 104.148, 107.196, 110.244, 113.292, 116.339, 119.387, 122.435, 125.483, 128.531, 131.574, 134.622, 137.67, 140.718, 143.766, 146.814, 149.861, 152.909, 155.957, 159.005, 162.053, 165.101, 168.149, 171.197, 174.245, 177.293, 180.341, 183.389, 186.436, 189.484, 192.532, 195.58
2.19518, 2.05155, 1.95422, 2.34051, 1.95384, 1.99749, 2.49308, 2.30284, 2.127, 2.09341, 2.30835, 2.56907, 4.05905, 2.69763, 4.19409, 2.57863, 4.32261, 2.55757, 4.56923, 2.65149, 3.62055, 2.76925, 4.61221, 2.50788, 4.76905, 4.81583, 4.87543, 4.79533, 4.989, 4.61996, 5.20567, 4.41385, 5.12312, 5.17271, 5.26954, 5.64669, 5.68578, 5.76983, 5.94333, 6.05754, 6.43649, 6.77138, 7.1519, 7.58314, 8.24576, 9.34319, 10.3998, 12.0639, 9.05937, 2.59881, 0.1801, 0.0352454, 0.0193992, 0.016631, 0.0148729, 0.0163324, 0.0132036, 0.01109, 0.0119058, 0.0129942, 0.0137857, 0.0118325, 0.015427, 0.114069
0.0658554, 0.0615466, 0.0586266, 0.0702154, 0.0586152, 0.0599248, 0.0747925, 0.0690852, 0.0638099, 0.0628022, 0.0692505, 0.0770722, 0.121771, 0.0809288, 0.125823, 0.0773588, 0.129678, 0.0767272, 0.137077, 0.0795447, 0.108617, 0.0830776, 0.138366, 0.0752365, 0.143072, 0.144475, 0.146263, 0.14386, 0.14967, 0.138599, 0.15617, 0.132415, 0.153694, 0.155181, 0.158086, 0.169401, 0.170574, 0.173095, 0.1783, 0.181726, 0.193095, 0.203141, 0.214557, 0.227494, 0.247373, 0.280296, 0.311995, 0.361916, 0.271781, 0.0779643, 0.00540301, 0.00105736, 0.000581976, 0.000498929, 0.000446188, 0.000489972, 0.000396107, 0.000332699, 0.000357173, 0.000389825, 0.00041357, 0.000354976, 0.00046281, 0.00342206
0, 0.615951, 1.2319, 1.84785, 2.4638, 3.07975, 3.6957, 4.31165, 4.9276, 5.54356, 6.15951, 6.77546, 7.39141, 8.00736, 8.62331, 9.23926, 9.85521, 10.4712, 11.0871, 11.7031, 12.319, 12.935, 13.5509, 14.1669, 14.7828, 15.3988, 16.0147, 16.6307, 17.2466, 17.8626, 18.4785, 19.0945, 19.7104, 20.3264, 20.9423, 21.5583, 22.1742, 22.7902, 23.4061, 24.0221, 24.638, 25.254, 25.8699, 26.4859, 27.1018, 27.7178, 28.3337, 28.9497, 29.5656, 30.1816, 30.7975, 31.4135, 32.0294, 32.6454, 33.2613, 33.8773, 34.4932, 35.1092, 35.7251, 36.3411, 36.957, 37.573, 38.1889, 38.8049, 39.4208, 40.0368, 40.6527, 41.2687, 41.8846, 42.5006, 43.1165, 43.7325, 44.3484, 44.9644, 45.5803, 46.1963, 46.8122, 47.4282, 48.0441, 48.6601, 49.276, 49.892, 50.5079, 51.1239, 51.7399, 52.3558, 52.9718, 53.5877, 54.2037, 54.8196, 55.4356, 56.0515, 56.6675, 57.2834, 57.8994, 58.5153, 59.1313, 59.7472, 60.3632, 60.9791, 61.5951, 62.211, 62.827, 63.4429, 64.0589, 64.6748, 65.2908, 65.9067, 66.5227, 67.1386, 67.7546, 68.3705, 68.9865, 69.6024, 70.2184, 70.8343, 71.4503, 72.0662, 72.6822, 73.2981, 73.9141, 74.53, 75.146, 75.7619, 76.3779, 76.9938, 77.6098, 78.2257, 78.8417, 79.4576, 80.0736, 80.6895, 81.3055, 81.9214, 82.5374, 83.1533, 83.7693, 84.3852, 85.0012, 85.6171, 86.2331, 86.849, 87.465, 88.0809, 88.6969, 89.3128, 89.9288, 90.5447, 91.1607, 91.7766, 92.3926, 93.0085, 93.6245, 94.2404, 94.8564, 95.4723, 96.0883, 96.7042, 97.3202, 97.9361, 98.5521, 99.168, 99.784, 100.4, 101.016, 101.632, 102.248, 102.864, 103.48, 104.096, 104.712, 105.328, 105.944, 106.559, 107.175, 107.791, 108.407, 109.023, 109.639, 110.255, 110.871, 111.487, 112.103, 112.719, 113.335, 113.951, 114.567, 115.183, 115.799, 116.415, 117.031, 117.647, 118.263, 118.878, 119.494, 120.11, 120.726, 121.342, 121.958, 122.574, 123.19, 123.806, 124.422, 125.038, 125.654, 126.27, 126.886, 127.502, 128.118, 128.734, 129.35, 129.966, 130.582, 131.197, 131.813, 132.429, 133.045, 133.661, 134.277, 134.893, 135.509, 136.125, 136.741, 137.357, 137.973, 138.589, 139.205, 139.821, 140.437, 141.053, 141.669, 142.285, 142.901, 143.516, 144.132, 144.748, 145.364, 145.98, 146.596, 147.212, 147.828, 148.444, 149.06, 149.676, 150.292, 150.908, 151.524, 152.14, 152.756, 153.372, 153.988, 154.604, 155.22, 155.836, 156.451, 157.067, 157.683, 158.299, 158.915, 159.531, 160.147, 160.763, 161.379, 161.995, 162.611, 163.227, 163.843, 164.459, 165.075, 165.691, 166.307, 166.923, 167.539, 168.155, 168.77, 169.386, 170.002, 170.618, 171.234, 171.85, 172.466, 173.082, 173.698, 174.314, 174.93, 175.546, 176.162, 176.778, 177.394, 178.01, 178.626, 179.242, 179.858, 180.474, 181.089, 181.705, 182.321, 182.937, 183.553, 184.169, 184.785, 185.401, 186.017, 186.633, 187.249, 187.865, 188.481, 189.097, 189.713, 190.329, 190.945, 191.561, 192.177, 192.793, 193.408, 194.024, 194.64, 195.256, 195.872, 196.488
3.50723, 3.50954, 3.51188, 3.51424, 3.51663, 3.51904, 3.52147, 3.52393, 3.52641, 3.52892, 3.53145, 3.53401, 3.5366, 3.53921, 3.54184, 3.54451, 3.5472, 3.54992, 3.55266, 3.55544, 3.55824, 3.56107, 3.56393, 3.56682, 3.56973, 3.57268, 3.57566, 3.57867, 3.58171, 3.58478, 3.58789, 3.59102, 3.59419, 3.59739, 3.60063, 3.60389, 3.6072, 3.61054, 3.61391, 3.61732, 3.62076, 3.62424, 3.62776, 3.63132, 3.63491, 3.63854, 3.64221, 3.64592, 3.64967, 3.65346, 3.65729, 3.66117, 3.66508, 3.66904, 3.67304, 3.67709, 3.68118, 3.68531, 3.6895, 3.69372, 3.698, 3.70232, 3.70669, 3.71111, 3.71558, 3.7201, 3.72467, 3.72929, 3.73397, 3.7387, 3.74348, 3.74832, 3.75322, 3.75817, 3.76318, 3.76824, 3.77337, 3.77856, 3.78381, 3.78912, 3.79449, 3.79993, 3.80544, 3.81101, 3.81665, 3.82235, 3.82813, 3.83398, 3.83989, 3.84589, 3.85195, 3.85809, 3.86431, 3.87061, 3.87699, 3.88344, 3.88998, 3.89661, 3.90331, 3.91011, 3.91699, 3.92396, 3.93103, 3.93819, 3.94544, 3.95279, 3.96024, 3.96778, 3.97543, 3.98319, 3.99105, 3.99902, 4.0071, 4.01529, 4.02359, 4.03201, 4.04056, 4.04922, 4.05801, 4.06692, 4.07596, 4.08514, 4.09445, 4.1039, 4.11348, 4.12322, 4.13309, 4.14312, 4.1533, 4.16364, 4.17414, 4.1848, 4.19563, 4.20663, 4.21781, 4.22917, 4.24071, 4.25244, 4.26436, 4.27648, 4.2888, 4.30133, 4.31407, 4.32703, 4.34021, 4.35362, 4.36727, 4.38116, 4.39529, 4.40969, 4.42434, 4.43926, 4.45446, 4.46995, 4.48572, 4.5018, 4.51819, 4.53489, 4.55193, 4.5693, 4.58702, 4.6051, 4.62355, 4.64239, 4.66162, 4.68125, 4.70131, 4.72181, 4.74275, 4.76416, 4.78605, 4.80845, 4.83136, 4.8548, 4.8788, 4.90338, 4.92855, 4.95435, 4.9808, 5.00792, 5.03573, 5.06428, 5.09358, 5.12368, 5.1546, 5.18639, 5.21908, 5.25271, 5.28733, 5.32299, 5.35973, 5.39761, 5.43669, 5.47703, 5.5187, 5.56176, 5.60631, 5.65241, 5.70017, 5.74968, 5.80105, 5.85439, 5.90984, 5.96753, 6.02761, 6.09027, 6.15568, 6.22404, 6.2956, 6.37061, 6.44935, 6.53215, 6.61932, 6.71138, 6.80876, 6.912, 7.02175, 7.13873, 7.26384, 7.39814, 7.54289, 7.69968, 7.87047, 8.05777, 8.26473, 8.49536, 8.75462, 9.04833, 9.38289, 9.76431, 10.1966, 10.6793, 11.2041, 11.7516, 12.2884, 12.7663, 13.1249, 13.298, 13.2232, 12.8545, 12.1722, 11.1903, 9.96058, 8.57854, 7.12617, 5.7006, 4.38563, 3.24123, 2.29909, 1.56401, 1.01971, 0.636855, 0.380827, 0.217957, 0.11935, 0.0625122, 0.0313097, 0.014992, 0.00686102, 0.00299974, 0.0012519, 0.000497539, 0.000186894, 6.44945e-05, 1.73394e-05, 3.91162e-06, 1.26383e-06, 3.90485e-07, 1.15128e-07, 3.23901e-08, 8.69568e-09, 2.22768e-09, 5.4458e-10, 1.27037e-10, 2.82784e-11, 6.00674e-12, 1.21753e-12, 2.35495e-13, 4.34652e-14, 7.65526e-15, 1.28658e-15, 2.06334e-16, 3.15765e-17, 4.61122e-18, 6.42579e-19, 8.54466e-20, 1.08423e-20, 1.31283e-21, 1.51688e-22, 1.67245e-23, 1.7596e-24, 1.76658e-25, 1.69242e-26, 1.54719e-27, 1.3497e-28, 1.12354e-29, 8.92484e-31, 6.76502e-32, 4.89323e-33, 3.37739e-34, 2.22446e-35, 1.39806e-36, 8.38466e-38, 4.79848e-39, 2.62047e-40, 1.36557e-41, 6.79058e-43, 3.22224e-44, 1.45904e-45, 6.30425e-47, 2.59931e-48, 1.02268e-49, 3.83957e-51, 1.37557e-52, 4.70262e-54, 1.53411e-55, 4.77562e-57, 1.4186e-58, 4.02116e-60, 1.08767e-61
3.50723, 3.50954, 3.51188, 3.51424, 3.51663, 3.51904, 3.52147, 3.52393, 3.52641, 3.52892, 3.53145, 3.53401, 3.5366, 3.53921, 3.54184, 3.54451, 3.5472, 3.54991, 3.55266, 3.55543, 3.55823, 3.56106, 3.56392, 3.56681, 3.56973, 3.57268, 3.57566, 3.57867, 3.58171, 3.58478, 3.58788, 3.59102, 3.59419, 3.59739, 3.60062, 3.60389, 3.60719, 3.61053, 3.6139, 3.61731, 3.62076, 3.62424, 3.62775, 3.63131, 3.6349, 3.63853, 3.64221, 3.64592, 3.64967, 3.65346, 3.65729, 3.66116, 3.66508, 3.66903, 3.67304, 3.67708, 3.68117, 3.68531, 3.68949, 3.69371, 3.69799, 3.70231, 3.70668, 3.7111, 3.71557, 3.72009, 3.72466, 3.72928, 3.73396, 3.73869, 3.74347, 3.74831, 3.7532, 3.75815, 3.76316, 3.76823, 3.77336, 3.77855, 3.78379, 3.78911, 3.79448, 3.79992, 3.80542, 3.81099, 3.81663, 3.82234, 3.82811, 3.83396, 3.83988, 3.84587, 3.85193, 3.85808, 3.86429, 3.87059, 3.87697, 3.88342, 3.88996, 3.89658, 3.90329, 3.91009, 3.91697, 3.92394, 3.93101, 3.93816, 3.94542, 3.95276, 3.96021, 3.96776, 3.97541, 3.98316, 3.99102, 3.99899, 4.00707, 4.01526, 4.02356, 4.03199, 4.04053, 4.04919, 4.05798, 4.06689, 4.07593, 4.08511, 4.09442, 4.10386, 4.11345, 4.12318, 4.13306, 4.14309, 4.15327, 4.16361, 4.1741, 4.18476, 4.19559, 4.20659, 4.21777, 4.22912, 4.24066, 4.25239, 4.26431, 4.27643, 4.28875, 4.30128, 4.31402, 4.32697, 4.34016, 4.35357, 4.36721, 4.3811, 4.39524, 4.40963, 4.42428, 4.4392, 4.4544, 4.46988, 4.48566, 4.50173, 4.51812, 4.53482, 4.55186, 4.56923, 4.58695, 4.60503, 4.62348, 4.64231, 4.66154, 4.68117, 4.70123, 4.72172, 4.74266, 4.76407, 4.78596, 4.80835, 4.83126, 4.8547, 4.8787, 4.90327, 4.92845, 4.95424, 4.98068, 5.0078, 5.03561, 5.06415, 5.09346, 5.12355, 5.15447, 5.18625, 5.21894, 5.25256, 5.28718, 5.32283, 5.35957, 5.39744, 5.43652, 5.47685, 5.51851, 5.56157, 5.60611, 5.65221, 5.69996, 5.74946, 5.80081, 5.85415, 5.90959, 5.96727, 6.02734, 6.08998, 6.15538, 6.22373, 6.29528, 6.37027, 6.44899, 6.53177, 6.61897, 6.71101, 6.80836, 6.91158, 7.02129, 7.13824, 7.26332, 7.39757, 7.54228, 7.69901, 7.86975, 8.05697, 8.26385, 8.49439, 8.75353, 9.0471, 9.38149, 9.7627, 10.1947, 10.6771, 11.2016, 11.7487, 12.2851, 12.7626, 13.121, 13.2942, 13.2201, 12.853, 12.174, 11.1989, 9.9785, 8.59234, 7.13647, 5.70806, 4.39084, 3.24475, 2.30139, 1.56545, 1.02059, 0.637361, 0.381109, 0.218108, 0.119429, 0.0625507, 0.031328, 0.0150003, 0.00686462, 0.00300124, 0.0012525, 0.000497755, 0.000187062, 6.4514e-05, 1.73388e-05, 3.90357e-06, 1.26392e-06, 3.90513e-07, 1.15136e-07, 3.23923e-08, 8.69628e-09, 2.22784e-09, 5.44618e-10, 1.27045e-10, 2.82803e-11, 6.00715e-12, 1.21762e-12, 2.35511e-13, 4.34682e-14, 7.65578e-15, 1.28667e-15, 2.06348e-16, 3.15787e-17, 4.61153e-18, 6.42622e-19, 8.54523e-20, 1.0843e-20, 1.31291e-21, 1.51698e-22, 1.67256e-23, 1.75971e-24, 1.76669e-25, 1.69254e-26, 1.54729e-27, 1.34979e-28, 1.12362e-29, 8.92542e-31, 6.76546e-32, 4.89355e-33, 3.37761e-34, 2.2246e-35, 1.39815e-36, 8.3852e-38, 4.79879e-39, 2.62064e-40, 1.36566e-41, 6.79101e-43, 3.22244e-44, 1.45913e-45, 6.30464e-47, 2.59948e-48, 1.02275e-49, 3.83981e-51, 1.37566e-52, 4.70291e-54, 1.5342e-55, 4.77591e-57, 1.41869e-58, 4.0214e-60, 1.08774e-61
148.76
145.39
 
MEASUREMENT 2
1.56305, 4.67879, 7.79453, 10.9103, 14.0312, 17.1469, 20.2679, 23.3784, 26.4796, 29.5859, 32.6913, 35.8071, 38.9228, 42.0385, 45.1595, 48.2752, 51.3909, 54.5067, 57.6224, 60.7381, 63.8435, 66.9593, 70.0698, 73.1752, 76.2806, 79.3859, 82.4913, 85.5967, 88.7021, 91.8074, 94.9128, 98.0182, 101.1, 104.148, 107.196, 110.244, 113.292, 116.339, 119.387, 122.435, 125.483, 128.531, 131.574, 134.622, 137.67, 140.718, 143.766, 146.814, 149.861, 152.909, 155.957, 159.005, 162.053, 165.101, 168.149, 171.197, 174.245, 177.293, 180.341, 183.389, 186.436, 189.484, 192.532, 195.58
2.19458, 2.05232, 1.95478, 2.34093, 1.95418, 1.99759, 2.49333, 2.30331, 2.12768, 2.0941, 2.31055, 2.57084, 4.0623, 2.6997, 4.19789, 2.58009, 4.32678, 2.55945, 4.57467, 2.65407, 3.62442, 2.77179, 4.61672, 2.50903, 4.77325, 4.81983, 4.87967, 4.79889, 4.99395, 4.62347, 5.21016, 4.41733, 5.12729, 5.1768, 5.27429, 5.6521, 5.69218, 5.77628, 5.9494, 6.06254, 6.44243, 6.77851, 7.15912, 7.59242, 8.2561, 9.35479, 10.4157, 12.0813, 9.06927, 2.59951, 0.180203, 0.0351943, 0.0193266, 0.0166577, 0.0149145, 0.0165058, 0.0132649, 0.0112216, 0.0118932, 0.0131641, 0.0138812, 0.0120535, 0.015559, 0.115218
0.0658375, 0.0615696, 0.0586435, 0.0702279, 0.0586254, 0.0599277, 0.0747999, 0.0690992, 0.0638304, 0.0628231, 0.0693166, 0.0771252, 0.121869, 0.080991, 0.125937, 0.0774027, 0.129803, 0.0767836, 0.13724, 0.079622, 0.108732, 0.0831536, 0.138502, 0.0752708, 0.143197, 0.144595, 0.14639, 0.143967, 0.149819, 0.138704, 0.156305, 0.13252, 0.153819, 0.155304, 0.158229, 0.169563, 0.170765, 0.173288, 0.178482, 0.181876, 0.193273, 0.203355, 0.214774, 0.227772, 0.247683, 0.280644, 0.31247, 0.362438, 0.272078, 0.0779852, 0.00540609, 0.00105583, 0.000579798, 0.000499732, 0.000447434, 0.000495173, 0.000397946, 0.000336647, 0.000356795, 0.000394924, 0.000416435, 0.000361605, 0.000466771, 0.00345654
0, 0.615951, 1.2319, 1.84785, 2.4638, 3.07975, 3.6957, 4.31165, 4.9276, 5.54356, 6.15951, 6.77546, 7.39141, 8.00736, 8.62331, 9.23926, 9.85521, 10.4712, 11.0871, 11.7031, 12.319, 12.935, 13.5509, 14.1669, 14.7828, 15.3988, 16.0147, 16.6307, 17.2466, 17.8626, 18.4785, 19.0945, 19.7104, 20.3264, 20.9423, 21.5583, 22.1742, 22.7902, 23.4061, 24.0221, 24.638, 25.254, 25.8699, 26.4859, 27.1018, 27.7178, 28.3337, 28.9497, 29.5656, 30.1816, 30.7975, 31.4135, 32.0294, 32.6454, 33.2613, 33.8773, 34.4932, 35.1092, 35.7251, 36.3411, 36.957, 37.573, 38.1889, 38.8049, 39.4208, 40.0368, 40.6527, 41.2687, 41.8846, 42.5006, 43.1165, 43.7325, 44.3484, 44.9644, 45.5803, 46.1963, 46.8122, 47.4282, 48.0441, 48.6601, 49.276, 49.892, 50.5079, 51.1239, 51.7399, 52.3558, 52.9718, 53.5877, 54.2037, 54.8196, 55.4356, 56.0515, 56.6675, 57.2834, 57.8994, 58.5153, 59.1313, 59.7472, 60.3632, 60.9791, 61.5951, 62.211, 62.827, 63.4429, 64.0589, 64.6748, 65.2908, 65.9067, 66.5227, 67.1386, 67.7546, 68.3705, 68.9865, 69.6024, 70.2184, 70.8343, 71.4503, 72.0662, 72.6822, 73.2981, 73.9141, 74.53, 75.146, 75.7619, 76.3779, 76.9938, 77.6098, 78.2257, 78.8417, 79.4576, 80.0736, 80.6895, 81.3055, 81.9214, 82.5374, 83.1533, 83.7693, 84.3852, 85.0012, 85.6171, 86.2331, 86.849, 87.465, 88.0809, 88.6969, 89.3128, 89.9288, 90.5447, 91.1607, 91.7766, 92.3926, 93.0085, 93.6245, 94.2404, 94.8564, 95.4723, 96.0883, 96.7042, 97.3202, 97.9361, 98.5521, 99.168, 99.784, 100.4, 101.016, 101.632, 102.248, 102.864, 103.48, 104.096, 104.712, 105.328, 105.944, 106.559, 107.175, 107.791, 108.407, 109.023, 109.639, 110.255, 110.871, 111.487, 112.103, 112.719, 113.335, 113.951, 114.567, 115.183, 115.799, 116.415, 117.031, 117.647, 118.263, 118.878, 119.494, 120.11, 120.726, 121.342, 121.958, 122.574, 123.19, 123.806, 124.422, 125.038, 125.654, 126.27, 126.886, 127.502, 128.118, 128.734, 129.35, 129.966, 130.582, 131.197, 131.813, 132.429, 133.045, 133.661, 134.277, 134.893, 135.509, 136.125, 136.741, 137.357, 137.973, 138.589, 139.205, 139.821, 140.437, 141.053, 141.669, 142.285, 142.901, 143.516, 144.132, 144.748, 145.364, 145.98, 146.596, 147.212, 147.828, 148.444, 149.06, 149.676, 150.292, 150.908, 151.524, 152.14, 152.756, 153.372, 153.988, 154.604, 155.22, 155.836, 156.451, 157.067, 157.683, 158.299, 158.915, 159.531, 160.147, 160.763, 161.379, 161.995, 162.611, 163.227, 163.843, 164.459, 165.075, 165.691, 166.307, 166.923, 167.539, 168.155, 168.77, 169.386, 170.002, 170.618, 171.234, 171.85, 172.466, 173.082, 173.698, 174.314, 174.93, 175.546, 176.162, 176.778, 177.394, 178.01, 178.626, 179.242, 179.858, 180.474, 181.089, 181.705, 182.321, 182.937, 183.553, 184.169, 184.785, 185.401, 186.017, 186.633, 187.249, 187.865, 188.481, 189.097, 189.713, 190.329, 190.945, 191.561, 192.177, 192.793, 193.408, 194.024, 194.64, 195.256, 195.872, 196.488
0, 0, 0, 0, 0, 0, 0, 0, 0, 0, 0, 0, 0, 0, 0, 0, 0, 0, 0, 0, 0, 0, 0, 0, 0, 0, 0, 0, 0, 0, 0, 0, 0, 0, 0, 0, 0, 0, 0, 0, 0, 0, 0, 0, 0, 0, 0, 0, 0, 0, 0, 0, 0, 0, 0, 0, 0, 0, 0, 0, 0, 0, 0, 0, 0, 0, 0, 0, 0, 0, 0, 0, 0, 0, 0, 0, 0, 0, 0, 0, 0, 0, 0, 0, 0, 0, 0, 0, 0, 0, 0, 0, 0, 0, 0, 0, 0, 0, 0, 0, 0, 0, 0, 0, 0, 0, 0, 0, 0, 0, 0, 0, 0, 0, 0, 0, 0, 0, 0, 0, 0, 0, 0, 0, 0, 0, 0, 0, 0, 0, 0, 0, 0, 0, 0, 0, 0, 0, 0, 0, 0, 0, 0, 0, 0, 0, 0, 0, 0, 0, 0, 0, 0, 0, 0, 0, 0, 0, 0, 0, 0, 0, 0, 0, 0, 0, 0, 0, 0, 0, 0, 0, 0, 0, 0, 0, 0, 0, 0, 0, 0, 0, 0, 0, 0, 0, 0, 0, 0, 0, 0, 0, 0, 0, 0, 0, 0, 0, 0, 0, 0, 0, 0, 0, 0, 0, 0, 0, 0, 0, 0, 0, 0, 0, 0, 0, 0, 0, 0, 0, 0, 0, 0, 0, 0, 0, 0, 0, 0, 0, 0, 0, 0, 0, 0, 0, 0, 0, 0, 0, 0, 0, 0, 0, 0, 0, 0, 0, 0, 0, 0, 0, 0, 0, 0, 0, 0, 0, 0, 0, 0, 0, 0, 0, 0, 0, 0, 0, 0, 0, 0, 0, 0, 0, 0, 0, 0, 0, 0, 0, 0, 0, 0, 0, 0, 0, 0, 0, 0, 0, 0, 0, 0, 0, 0, 0, 0, 0, 0, 0, 0, 0, 0, 0, 0, 0, 0, 0, 0, 0, 0, 0, 0, 0, 0, 0, 0, 0, 0, 0
0, 0, 0, 0, 0, 0, 0, 0, 0, 0, 0, 0, 0, 0, 0, 0, 0, 0, 0, 0, 0, 0, 0, 0, 0, 0, 0, 0, 0, 0, 0, 0, 0, 0, 0, 0, 0, 0, 0, 0, 0, 0, 0, 0, 0, 0, 0, 0, 0, 0, 0, 0, 0, 0, 0, 0, 0, 0, 0, 0, 0, 0, 0, 0, 0, 0, 0, 0, 0, 0, 0, 0, 0, 0, 0, 0, 0, 0, 0, 0, 0, 0, 0, 0, 0, 0, 0, 0, 0, 0, 0, 0, 0, 0, 0, 0, 0, 0, 0, 0, 0, 0, 0, 0, 0, 0, 0, 0, 0, 0, 0, 0, 0, 0, 0, 0, 0, 0, 0, 0, 0, 0, 0, 0, 0, 0, 0, 0, 0, 0, 0, 0, 0, 0, 0, 0, 0, 0, 0, 0, 0, 0, 0, 0, 0, 0, 0, 0, 0, 0, 0, 0, 0, 0, 0, 0, 0, 0, 0, 0, 0, 0, 0, 0, 0, 0, 0, 0, 0, 0, 0, 0, 0, 0, 0, 0, 0, 0, 0, 0, 0, 0, 0, 0, 0, 0, 0, 0, 0, 0, 0, 0, 0, 0, 0, 0, 0, 0, 0, 0, 0, 0, 0, 0, 0, 0, 0, 0, 0, 0, 0, 0, 0, 0, 0, 0, 0, 0, 0, 0, 0, 0, 0, 0, 0, 0, 0, 0, 0, 0, 0, 0, 0, 0, 0, 0, 0, 0, 0, 0, 0, 0, 0, 0, 0, 0, 0, 0, 0, 0, 0, 0, 0, 0, 0, 0, 0, 0, 0, 0, 0, 0, 0, 0, 0, 0, 0, 0, 0, 0, 0, 0, 0, 0, 0, 0, 0, 0, 0, 0, 0, 0, 0, 0, 0, 0, 0, 0, 0, 0, 0, 0, 0, 0, 0, 0, 0, 0, 0, 0, 0, 0, 0, 0, 0, 0, 0, 0, 0, 0, 0, 0, 0, 0, 0, 0, 0, 0, 0, 0
-
-
 
MEASUREMENT 3
1.56305, 4.67879, 7.79453, 10.9103, 14.0312, 17.1469, 20.2679, 23.3784, 26.4796, 29.5859, 32.6913, 35.8071, 38.9228, 42.0385, 45.1595, 48.2752, 51.3909, 54.5067, 57.6224, 60.7381, 63.8435, 66.9593, 70.0698, 73.1752, 76.2806, 79.3859, 82.4913, 85.5967, 88.7021, 91.8074, 94.9128, 98.0182, 101.1, 104.148, 107.196, 110.244, 113.292, 116.339, 119.387, 122.435, 125.483, 128.531, 131.574, 134.622, 137.67, 140.718, 143.766, 146.814, 149.861, 152.909, 155.957, 159.005, 162.053, 165.101, 168.149, 171.197, 174.245, 177.293, 180.341, 183.389, 186.436, 189.484, 192.532, 195.58
2.19601, 2.05312, 1.95652, 2.34193, 1.95557, 1.99932, 2.49578, 2.30528, 2.12994, 2.09524, 2.31408, 2.57446, 4.068, 2.70397, 4.20429, 2.58382, 4.3334, 2.56355, 4.58219, 2.65796, 3.62991, 2.77522, 4.62362, 2.51027, 4.78043, 4.82712, 4.88737, 4.80565, 5.00203, 4.62864, 5.21804, 4.42194, 5.13445, 5.1846, 5.28146, 5.66088, 5.70148, 5.78544, 5.95903, 6.07138, 6.45276, 6.79027, 7.17117, 7.60617, 8.2716, 9.37308, 10.439, 12.1096, 9.08796, 2.60276, 0.180694, 0.0354945, 0.0194174, 0.0165865, 0.0152276, 0.0165034, 0.0132247, 0.011263, 0.0118929, 0.0130938, 0.0140011, 0.0121291, 0.0156585, 0.115419
0.0658802, 0.0615936, 0.0586956, 0.0702578, 0.058667, 0.0599797, 0.0748734, 0.0691585, 0.0638982, 0.0628573, 0.0694223, 0.0772337, 0.12204, 0.081119, 0.126129, 0.0775147, 0.130002, 0.0769064, 0.137466, 0.0797389, 0.108897, 0.0832567, 0.138709, 0.0753082, 0.143413, 0.144814, 0.146621, 0.14417, 0.150061, 0.138859, 0.156541, 0.132658, 0.154033, 0.155538, 0.158444, 0.169826, 0.171045, 0.173563, 0.178771, 0.182141, 0.193583, 0.203708, 0.215135, 0.228185, 0.248148, 0.281192, 0.313171, 0.363289, 0.272639, 0.0780828, 0.00542083, 0.00106484, 0.000582521, 0.000497596, 0.000456828, 0.000495101, 0.00039674, 0.000337891, 0.000356787, 0.000392814, 0.000420033, 0.000363872, 0.000469754, 0.00346256
0, 0.615951, 1.2319, 1.84785, 2.4638, 3.07975, 3.6957, 4.31165, 4.9276, 5.54356, 6.15951, 6.77546, 7.39141, 8.00736, 8.62331, 9.23926, 9.85521, 10.4712, 11.0871, 11.7031, 12.319, 12.935, 13.5509, 14.1669, 14.7828, 15.3988, 16.0147, 16.6307, 17.2466, 17.8626, 18.4785, 19.0945, 19.7104, 20.3264, 20.9423, 21.5583, 22.1742, 22.7902, 23.4061, 24.0221, 24.638, 25.254, 25.8699, 26.4859, 27.1018, 27.7178, 28.3337, 28.9497, 29.5656, 30.1816, 30.7975, 31.4135, 32.0294, 32.6454, 33.2613, 33.8773, 34.4932, 35.1092, 35.7251, 36.3411, 36.957, 37.573, 38.1889, 38.8049, 39.4208, 40.0368, 40.6527, 41.2687, 41.8846, 42.5006, 43.1165, 43.7325, 44.3484, 44.9644, 45.5803, 46.1963, 46.8122, 47.4282, 48.0441, 48.6601, 49.276, 49.892, 50.5079, 51.1239, 51.7399, 52.3558, 52.9718, 53.5877, 54.2037, 54.8196, 55.4356, 56.0515, 56.6675, 57.2834, 57.8994, 58.5153, 59.1313, 59.7472, 60.3632, 60.9791, 61.5951, 62.211, 62.827, 63.4429, 64.0589, 64.6748, 65.2908, 65.9067, 66.5227, 67.1386, 67.7546, 68.3705, 68.9865, 69.6024, 70.2184, 70.8343, 71.4503, 72.0662, 72.6822, 73.2981, 73.9141, 74.53, 75.146, 75.7619, 76.3779, 76.9938, 77.6098, 78.2257, 78.8417, 79.4576, 80.0736, 80.6895, 81.3055, 81.9214, 82.5374, 83.1533, 83.7693, 84.3852, 85.0012, 85.6171, 86.2331, 86.849, 87.465, 88.0809, 88.6969, 89.3128, 89.9288, 90.5447, 91.1607, 91.7766, 92.3926, 93.0085, 93.6245, 94.2404, 94.8564, 95.4723, 96.0883, 96.7042, 97.3202, 97.9361, 98.5521, 99.168, 99.784, 100.4, 101.016, 101.632, 102.248, 102.864, 103.48, 104.096, 104.712, 105.328, 105.944, 106.559, 107.175, 107.791, 108.407, 109.023, 109.639, 110.255, 110.871, 111.487, 112.103, 112.719, 113.335, 113.951, 114.567, 115.183, 115.799, 116.415, 117.031, 117.647, 118.263, 118.878, 119.494, 120.11, 120.726, 121.342, 121.958, 122.574, 123.19, 123.806, 124.422, 125.038, 125.654, 126.27, 126.886, 127.502, 128.118, 128.734, 129.35, 129.966, 130.582, 131.197, 131.813, 132.429, 133.045, 133.661, 134.277, 134.893, 135.509, 136.125, 136.741, 137.357, 137.973, 138.589, 139.205, 139.821, 140.437, 141.053, 141.669, 142.285, 142.901, 143.516, 144.132, 144.748, 145.364, 145.98, 146.596, 147.212, 147.828, 148.444, 149.06, 149.676, 150.292, 150.908, 151.524, 152.14, 152.756, 153.372, 153.988, 154.604, 155.22, 155.836, 156.451, 157.067, 157.683, 158.299, 158.915, 159.531, 160.147, 160.763, 161.379, 161.995, 162.611, 163.227, 163.843, 164.459, 165.075, 165.691, 166.307, 166.923, 167.539, 168.155, 168.77, 169.386, 170.002, 170.618, 171.234, 171.85, 172.466, 173.082, 173.698, 174.314, 174.93, 175.546, 176.162, 176.778, 177.394, 178.01, 178.626, 179.242, 179.858, 180.474, 181.089, 181.705, 182.321, 182.937, 183.553, 184.169, 184.785, 185.401, 186.017, 186.633, 187.249, 187.865, 188.481, 189.097, 189.713, 190.329, 190.945, 191.561, 192.177, 192.793, 193.408, 194.024, 194.64, 195.256, 195.872, 196.488
3.51901, 3.52134, 3.52368, 3.52605, 3.52845, 3.53086, 3.53331, 3.53577, 3.53826, 3.54078, 3.54332, 3.54589, 3.54848, 3.5511, 3.55375, 3.55642, 3.55912, 3.56184, 3.5646, 3.56738, 3.57019, 3.57303, 3.5759, 3.5788, 3.58173, 3.58468, 3.58767, 3.59069, 3.59374, 3.59682, 3.59994, 3.60308, 3.60626, 3.60947, 3.61272, 3.616, 3.61931, 3.62266, 3.62605, 3.62947, 3.63292, 3.63641, 3.63994, 3.64351, 3.64712, 3.65076, 3.65444, 3.65817, 3.66193, 3.66573, 3.66958, 3.67346, 3.67739, 3.68136, 3.68538, 3.68943, 3.69354, 3.69769, 3.70188, 3.70612, 3.71041, 3.71475, 3.71913, 3.72357, 3.72805, 3.73258, 3.73717, 3.74181, 3.7465, 3.75125, 3.75604, 3.7609, 3.76581, 3.77078, 3.7758, 3.78089, 3.78603, 3.79124, 3.7965, 3.80183, 3.80722, 3.81268, 3.8182, 3.82379, 3.82945, 3.83517, 3.84097, 3.84683, 3.85277, 3.85878, 3.86487, 3.87103, 3.87727, 3.88359, 3.88999, 3.89646, 3.90302, 3.90967, 3.9164, 3.92322, 3.93012, 3.93712, 3.94421, 3.95139, 3.95866, 3.96604, 3.97351, 3.98108, 3.98876, 3.99653, 4.00442, 4.01241, 4.02052, 4.02874, 4.03707, 4.04552, 4.05409, 4.06278, 4.0716, 4.08054, 4.08961, 4.09882, 4.10816, 4.11763, 4.12725, 4.13702, 4.14693, 4.15699, 4.1672, 4.17758, 4.18811, 4.1988, 4.20967, 4.22071, 4.23192, 4.24331, 4.25489, 4.26666, 4.27862, 4.29077, 4.30313, 4.3157, 4.32848, 4.34149, 4.35471, 4.36817, 4.38186, 4.39579, 4.40997, 4.42441, 4.43911, 4.45408, 4.46933, 4.48487, 4.50069, 4.51682, 4.53326, 4.55002, 4.56711, 4.58454, 4.60232, 4.62046, 4.63897, 4.65786, 4.67715, 4.69685, 4.71697, 4.73753, 4.75854, 4.78002, 4.80199, 4.82445, 4.84743, 4.87095, 4.89503, 4.91968, 4.94494, 4.97082, 4.99735, 5.02455, 5.05245, 5.08109, 5.11048, 5.14068, 5.1717, 5.20358, 5.23637, 5.27011, 5.30484, 5.34061, 5.37746, 5.41546, 5.45466, 5.49512, 5.53692, 5.58012, 5.6248, 5.67105, 5.71895, 5.76861, 5.82013, 5.87364, 5.92925, 5.98711, 6.04738, 6.11022, 6.17582, 6.24439, 6.31616, 6.39139, 6.47036, 6.55339, 6.64082, 6.73314, 6.83079, 6.93432, 7.04437, 7.16167, 7.28712, 7.42176, 7.56688, 7.72406, 7.89526, 8.08299, 8.2904, 8.52151, 8.78128, 9.07556, 9.41079, 9.79303, 10.2264, 10.7105, 11.2372, 11.7872, 12.327, 12.8084, 13.1707, 13.3473, 13.2754, 12.9082, 12.2257, 11.2416, 10.0076, 8.61984, 7.16074, 5.7281, 4.40636, 3.256, 2.30901, 1.57025, 1.02337, 0.638827, 0.381789, 0.218365, 0.119486, 0.0625316, 0.031291, 0.0149682, 0.00684267, 0.0029882, 0.00124549, 0.000494297, 0.000185368, 6.38079e-05, 1.70084e-05, 3.86519e-06, 1.2466e-06, 3.84442e-07, 1.13124e-07, 3.17612e-08, 8.50863e-09, 2.17492e-09, 5.30451e-10, 1.23443e-10, 2.74101e-11, 5.80728e-12, 1.17397e-12, 2.26442e-13, 4.16754e-14, 7.31849e-15, 1.22626e-15, 1.96049e-16, 2.99065e-17, 4.35298e-18, 6.04544e-19, 8.01104e-20, 1.01291e-20, 1.222e-21, 1.40666e-22, 1.545e-23, 1.61916e-24, 1.61908e-25, 1.54478e-26, 1.40633e-27, 1.22159e-28, 1.01247e-29, 8.00682e-31, 6.04168e-32, 4.34985e-33, 2.98821e-34, 1.9587e-35, 1.22502e-36, 7.31036e-38, 4.1625e-39, 2.26146e-40, 1.17231e-41, 5.79852e-43, 2.73659e-44, 1.23232e-45, 5.29487e-47, 2.17074e-48, 8.4914e-50, 3.16935e-51, 1.12871e-52, 3.8354e-54, 1.24354e-55, 3.84706e-57, 1.13558e-58, 3.19834e-60, 8.59512e-62
3.51901, 3.52134, 3.52368, 3.52605, 3.52845, 3.53086, 3.53331, 3.53577, 3.53826, 3.54078, 3.54332, 3.54589, 3.54848, 3.5511, 3.55374, 3.55642, 3.55912, 3.56184, 3.5646, 3.56738, 3.57019, 3.57303, 3.5759, 3.5788, 3.58172, 3.58468, 3.58767, 3.59069, 3.59374, 3.59682, 3.59993, 3.60308, 3.60626, 3.60947, 3.61272, 3.616, 3.61931, 3.62266, 3.62604, 3.62946, 3.63292, 3.63641, 3.63994, 3.6435, 3.64711, 3.65075, 3.65444, 3.65816, 3.66192, 3.66572, 3.66957, 3.67345, 3.67738, 3.68135, 3.68537, 3.68943, 3.69353, 3.69768, 3.70187, 3.70611, 3.7104, 3.71474, 3.71912, 3.72356, 3.72804, 3.73257, 3.73716, 3.7418, 3.74649, 3.75123, 3.75603, 3.76089, 3.7658, 3.77077, 3.77579, 3.78088, 3.78602, 3.79122, 3.79649, 3.80182, 3.80721, 3.81267, 3.81819, 3.82378, 3.82943, 3.83516, 3.84095, 3.84682, 3.85276, 3.85877, 3.86485, 3.87101, 3.87725, 3.88357, 3.88997, 3.89644, 3.903, 3.90965, 3.91638, 3.92319, 3.9301, 3.9371, 3.94418, 3.95136, 3.95864, 3.96601, 3.97348, 3.98106, 3.98873, 3.99651, 4.00439, 4.01239, 4.02049, 4.02871, 4.03704, 4.04549, 4.05406, 4.06275, 4.07156, 4.08051, 4.08958, 4.09878, 4.10812, 4.1176, 4.12722, 4.13698, 4.14689, 4.15695, 4.16717, 4.17754, 4.18807, 4.19876, 4.20963, 4.22066, 4.23188, 4.24327, 4.25485, 4.26661, 4.27857, 4.29073, 4.30309, 4.31565, 4.32844, 4.34143, 4.35466, 4.36811, 4.3818, 4.39574, 4.40992, 4.42436, 4.43905, 4.45402, 4.46927, 4.4848, 4.50063, 4.51676, 4.5332, 4.54995, 4.56704, 4.58447, 4.60224, 4.62038, 4.63889, 4.65778, 4.67707, 4.69677, 4.71689, 4.73745, 4.75846, 4.77993, 4.80189, 4.82435, 4.84733, 4.87085, 4.89492, 4.91958, 4.94483, 4.97071, 4.99723, 5.02443, 5.05233, 5.08096, 5.11036, 5.14054, 5.17156, 5.20344, 5.23623, 5.26996, 5.30469, 5.34045, 5.3773, 5.41529, 5.45449, 5.49494, 5.53673, 5.57993, 5.6246, 5.67084, 5.71873, 5.76839, 5.8199, 5.8734, 5.929, 5.98685, 6.04711, 6.10994, 6.17553, 6.24408, 6.31584, 6.39105, 6.47, 6.55301, 6.64047, 6.73277, 6.83039, 6.9339, 7.04391, 7.16118, 7.28659, 7.4212, 7.56627, 7.72339, 7.89454, 8.08219, 8.28952, 8.52054, 8.78019, 9.07433, 9.40939, 9.79142, 10.2245, 10.7083, 11.2347, 11.7842, 12.3236, 12.8047, 13.1668, 13.3435, 13.2723, 12.9066, 12.2275, 11.2502, 10.0256, 8.6337, 7.17109, 5.73559, 4.4116, 3.25954, 2.31131, 1.57169, 1.02424, 0.639334, 0.382072, 0.218516, 0.119564, 0.0625701, 0.0313092, 0.0149764, 0.00684625, 0.00298969, 0.00124609, 0.000494511, 0.000185534, 6.38271e-05, 1.7008e-05, 3.85723e-06, 1.24669e-06, 3.84469e-07, 1.13132e-07, 3.17634e-08, 8.50922e-09, 2.17507e-09, 5.30488e-10, 1.23452e-10, 2.7412e-11, 5.80768e-12, 1.17405e-12, 2.26458e-13, 4.16782e-14, 7.31898e-15, 1.22634e-15, 1.96062e-16, 2.99085e-17, 4.35328e-18, 6.04585e-19, 8.01157e-20, 1.01297e-20, 1.22208e-21, 1.40675e-22, 1.54511e-23, 1.61926e-24, 1.61919e-25, 1.54488e-26, 1.40642e-27, 1.22167e-28, 1.01254e-29, 8.00734e-31, 6.04207e-32, 4.35013e-33, 2.9884e-34, 1.95882e-35, 1.2251e-36, 7.31083e-38, 4.16276e-39, 2.2616e-40, 1.17239e-41, 5.79888e-43, 2.73677e-44, 1.2324e-45, 5.29521e-47, 2.17088e-48, 8.49193e-50, 3.16955e-51, 1.12878e-52, 3.83564e-54, 1.24362e-55, 3.8473e-57, 1.13565e-58, 3.19854e-60, 8.59565e-62
148.76
145.39
 
MEASUREMENT 4
1.56305, 4.67879, 7.79453, 10.9103, 14.0312, 17.1469, 20.2679, 23.3784, 26.4796, 29.5859, 32.6913, 35.8071, 38.9228, 42.0385, 45.1595, 48.2752, 51.3909, 54.5067, 57.6224, 60.7381, 63.8435, 66.9593, 70.0698, 73.1752, 76.2806, 79.3859, 82.4913, 85.5967, 88.7021, 91.8074, 94.9128, 98.0182, 101.1, 104.148, 107.196, 110.244, 113.292, 116.339, 119.387, 122.435, 125.483, 128.531, 131.574, 134.622, 137.67, 140.718, 143.766, 146.814, 149.861, 152.909, 155.957, 159.005, 162.053, 165.101, 168.149, 171.197, 174.245, 177.293, 180.341, 183.389, 186.436, 189.484, 192.532, 195.58
2.19796, 2.05465, 1.95757, 2.34351, 1.95682, 2.00075, 2.497, 2.3067, 2.13073, 2.09592, 2.31712, 2.57639, 4.07204, 2.70581, 4.20871, 2.5865, 4.3381, 2.56596, 4.58746, 2.66191, 3.63318, 2.77842, 4.62896, 2.51202, 4.78535, 4.83213, 4.89304, 4.81037, 5.00739, 4.63312, 5.2237, 4.4257, 5.13922, 5.1898, 5.28685, 5.66707, 5.70791, 5.79239, 5.96621, 6.07849, 6.45983, 6.79887, 7.18039, 7.61723, 8.28392, 9.38811, 10.4591, 12.1341, 9.10268, 2.60403, 0.180766, 0.0354284, 0.0193402, 0.01663, 0.0149591, 0.0166274, 0.013256, 0.0113242, 0.0119505, 0.0131942, 0.0138585, 0.0121203, 0.015637, 0.115334
0.0659387, 0.0616394, 0.0587271, 0.0703054, 0.0587046, 0.0600226, 0.0749101, 0.069201, 0.063922, 0.0628777, 0.0695135, 0.0772918, 0.122161, 0.0811743, 0.126261, 0.077595, 0.130143, 0.0769788, 0.137624, 0.0798573, 0.108995, 0.0833526, 0.138869, 0.0753606, 0.14356, 0.144964, 0.146791, 0.144311, 0.150222, 0.138994, 0.156711, 0.132771, 0.154177, 0.155694, 0.158605, 0.170012, 0.171237, 0.173772, 0.178986, 0.182355, 0.193795, 0.203966, 0.215412, 0.228517, 0.248518, 0.281643, 0.313772, 0.364024, 0.27308, 0.0781208, 0.00542299, 0.00106285, 0.000580206, 0.000498901, 0.000448774, 0.000498822, 0.00039768, 0.000339726, 0.000358515, 0.000395826, 0.000415754, 0.000363608, 0.000469109, 0.00346003
0, 0.615951, 1.2319, 1.84785, 2.4638, 3.07975, 3.6957, 4.31165, 4.9276, 5.54356, 6.15951, 6.77546, 7.39141, 8.00736, 8.62331, 9.23926, 9.85521, 10.4712, 11.0871, 11.7031, 12.319, 12.935, 13.5509, 14.1669, 14.7828, 15.3988, 16.0147, 16.6307, 17.2466, 17.8626, 18.4785, 19.0945, 19.7104, 20.3264, 20.9423, 21.5583, 22.1742, 22.7902, 23.4061, 24.0221, 24.638, 25.254, 25.8699, 26.4859, 27.1018, 27.7178, 28.3337, 28.9497, 29.5656, 30.1816, 30.7975, 31.4135, 32.0294, 32.6454, 33.2613, 33.8773, 34.4932, 35.1092, 35.7251, 36.3411, 36.957, 37.573, 38.1889, 38.8049, 39.4208, 40.0368, 40.6527, 41.2687, 41.8846, 42.5006, 43.1165, 43.7325, 44.3484, 44.9644, 45.5803, 46.1963, 46.8122, 47.4282, 48.0441, 48.6601, 49.276, 49.892, 50.5079, 51.1239, 51.7399, 52.3558, 52.9718, 53.5877, 54.2037, 54.8196, 55.4356, 56.0515, 56.6675, 57.2834, 57.8994, 58.5153, 59.1313, 59.7472, 60.3632, 60.9791, 61.5951, 62.211, 62.827, 63.4429, 64.0589, 64.6748, 65.2908, 65.9067, 66.5227, 67.1386, 67.7546, 68.3705, 68.9865, 69.6024, 70.2184, 70.8343, 71.4503, 72.0662, 72.6822, 73.2981, 73.9141, 74.53, 75.146, 75.7619, 76.3779, 76.9938, 77.6098, 78.2257, 78.8417, 79.4576, 80.0736, 80.6895, 81.3055, 81.9214, 82.5374, 83.1533, 83.7693, 84.3852, 85.0012, 85.6171, 86.2331, 86.849, 87.465, 88.0809, 88.6969, 89.3128, 89.9288, 90.5447, 91.1607, 91.7766, 92.3926, 93.0085, 93.6245, 94.2404, 94.8564, 95.4723, 96.0883, 96.7042, 97.3202, 97.9361, 98.5521, 99.168, 99.784, 100.4, 101.016, 101.632, 102.248, 102.864, 103.48, 104.096, 104.712, 105.328, 105.944, 106.559, 107.175, 107.791, 108.407, 109.023, 109.639, 110.255, 110.871, 111.487, 112.103, 112.719, 113.335, 113.951, 114.567, 115.183, 115.799, 116.415, 117.031, 117.647, 118.263, 118.878, 119.494, 120.11, 120.726, 121.342, 121.958, 122.574, 123.19, 123.806, 124.422, 125.038, 125.654, 126.27, 126.886, 127.502, 128.118, 128.734, 129.35, 129.966, 130.582, 131.197, 131.813, 132.429, 133.045, 133.661, 134.277, 134.893, 135.509, 136.125, 136.741, 137.357, 137.973, 138.589, 139.205, 139.821, 140.437, 141.053, 141.669, 142.285, 142.901, 143.516, 144.132, 144.748, 145.364, 145.98, 146.596, 147.212, 147.828, 148.444, 149.06, 149.676, 150.292, 150.908, 151.524, 152.14, 152.756, 153.372, 153.988, 154.604, 155.22, 155.836, 156.451, 157.067, 157.683, 158.299, 158.915, 159.531, 160.147, 160.763, 161.379, 161.995, 162.611, 163.227, 163.843, 164.459, 165.075, 165.691, 166.307, 166.923, 167.539, 168.155, 168.77, 169.386, 170.002, 170.618, 171.234, 171.85, 172.466, 173.082, 173.698, 174.314, 174.93, 175.546, 176.162, 176.778, 177.394, 178.01, 178.626, 179.242, 179.858, 180.474, 181.089, 181.705, 182.321, 182.937, 183.553, 184.169, 184.785, 185.401, 186.017, 186.633, 187.249, 187.865, 188.481, 189.097, 189.713, 190.329, 190.945, 191.561, 192.177, 192.793, 193.408, 194.024, 194.64, 195.256, 195.872, 196.488
0, 0, 0, 0, 0, 0, 0, 0, 0, 0, 0, 0, 0, 0, 0, 0, 0, 0, 0, 0, 0, 0, 0, 0, 0, 0, 0, 0, 0, 0, 0, 0, 0, 0, 0, 0, 0, 0, 0, 0, 0, 0, 0, 0, 0, 0, 0, 0, 0, 0, 0, 0, 0, 0, 0, 0, 0, 0, 0, 0, 0, 0, 0, 0, 0, 0, 0, 0, 0, 0, 0, 0, 0, 0, 0, 0, 0, 0, 0, 0, 0, 0, 0, 0, 0, 0, 0, 0, 0, 0, 0, 0, 0, 0, 0, 0, 0, 0, 0, 0, 0, 0, 0, 0, 0, 0, 0, 0, 0, 0, 0, 0, 0, 0, 0, 0, 0, 0, 0, 0, 0, 0, 0, 0, 0, 0, 0, 0, 0, 0, 0, 0, 0, 0, 0, 0, 0, 0, 0, 0, 0, 0, 0, 0, 0, 0, 0, 0, 0, 0, 0, 0, 0, 0, 0, 0, 0, 0, 0, 0, 0, 0, 0, 0, 0, 0, 0, 0, 0, 0, 0, 0, 0, 0, 0, 0, 0, 0, 0, 0, 0, 0, 0, 0, 0, 0, 0, 0, 0, 0, 0, 0, 0, 0, 0, 0, 0, 0, 0, 0, 0, 0, 0, 0, 0, 0, 0, 0, 0, 0, 0, 0, 0, 0, 0, 0, 0, 0, 0, 0, 0, 0, 0, 0, 0, 0, 0, 0, 0, 0, 0, 0, 0, 0, 0, 0, 0, 0, 0, 0, 0, 0, 0, 0, 0, 0, 0, 0, 0, 0, 0, 0, 0, 0, 0, 0, 0, 0, 0, 0, 0, 0, 0, 0, 0, 0, 0, 0, 0, 0, 0, 0, 0, 0, 0, 0, 0, 0, 0, 0, 0, 0, 0, 0, 0, 0, 0, 0, 0, 0, 0, 0, 0, 0, 0, 0, 0, 0, 0, 0, 0, 0, 0, 0, 0, 0, 0, 0, 0, 0, 0, 0, 0, 0, 0, 0, 0, 0, 0, 0
0, 0, 0, 0, 0, 0, 0, 0, 0, 0, 0, 0, 0, 0, 0, 0, 0, 0, 0, 0, 0, 0, 0, 0, 0, 0, 0, 0, 0, 0, 0, 0, 0, 0, 0, 0, 0, 0, 0, 0, 0, 0, 0, 0, 0, 0, 0, 0, 0, 0, 0, 0, 0, 0, 0, 0, 0, 0, 0, 0, 0, 0, 0, 0, 0, 0, 0, 0, 0, 0, 0, 0, 0, 0, 0, 0, 0, 0, 0, 0, 0, 0, 0, 0, 0, 0, 0, 0, 0, 0, 0, 0, 0, 0, 0, 0, 0, 0, 0, 0, 0, 0, 0, 0, 0, 0, 0, 0, 0, 0, 0, 0, 0, 0, 0, 0, 0, 0, 0, 0, 0, 0, 0, 0, 0, 0, 0, 0, 0, 0, 0, 0, 0, 0, 0, 0, 0, 0, 0, 0, 0, 0, 0, 0, 0, 0, 0, 0, 0, 0, 0, 0, 0, 0, 0, 0, 0, 0, 0, 0, 0, 0, 0, 0, 0, 0, 0, 0, 0, 0, 0, 0, 0, 0, 0, 0, 0, 0, 0, 0, 0, 0, 0, 0, 0, 0, 0, 0, 0, 0, 0, 0, 0, 0, 0, 0, 0, 0, 0, 0, 0, 0, 0, 0, 0, 0, 0, 0, 0, 0, 0, 0, 0, 0, 0, 0, 0, 0, 0, 0, 0, 0, 0, 0, 0, 0, 0, 0, 0, 0, 0, 0, 0, 0, 0, 0, 0, 0, 0, 0, 0, 0, 0, 0, 0, 0, 0, 0, 0, 0, 0, 0, 0, 0, 0, 0, 0, 0, 0, 0, 0, 0, 0, 0, 0, 0, 0, 0, 0, 0, 0, 0, 0, 0, 0, 0, 0, 0, 0, 0, 0, 0, 0, 0, 0, 0, 0, 0, 0, 0, 0, 0, 0, 0, 0, 0, 0, 0, 0, 0, 0, 0, 0, 0, 0, 0, 0, 0, 0, 0, 0, 0, 0, 0, 0, 0, 0, 0, 0, 0
-
-
 
MEASUREMENT 5
1.56305, 4.67879, 7.79453, 10.9103, 14.0312, 17.1469, 20.2679, 23.3784, 26.4796, 29.5859, 32.6913, 35.8071, 38.9228, 42.0385, 45.1595, 48.2752, 51.3909, 54.5067, 57.6224, 60.7381, 63.8435, 66.9593, 70.0698, 73.1752, 76.2806, 79.3859, 82.4913, 85.5967, 88.7021, 91.8074, 94.9128, 98.0182, 101.1, 104.148, 107.196, 110.244, 113.292, 116.339, 119.387, 122.435, 125.483, 128.531, 131.574, 134.622, 137.67, 140.718, 143.766, 146.814, 149.861, 152.909, 155.957, 159.005, 162.053, 165.101, 168.149, 171.197, 174.245, 177.293, 180.341, 183.389, 186.436, 189.484, 192.532, 195.58
2.19898, 2.05611, 1.95973, 2.34546, 1.95795, 2.00153, 2.4994, 2.30779, 2.13292, 2.09703, 2.31961, 2.57956, 4.07677, 2.70927, 4.21407, 2.5891, 4.34332, 2.56841, 4.59314, 2.66533, 3.63845, 2.78176, 4.63471, 2.51362, 4.79117, 4.83802, 4.89901, 4.81569, 5.01381, 4.63771, 5.23012, 4.43045, 5.14503, 5.19583, 5.29274, 5.67441, 5.71562, 5.80023, 5.97435, 6.08621, 6.46842, 6.80859, 7.19054, 7.62887, 8.29726, 9.40368, 10.4793, 12.1608, 9.11976, 2.6067, 0.180894, 0.0355407, 0.0193544, 0.0167021, 0.015028, 0.0166674, 0.0132824, 0.0112286, 0.0120061, 0.0132106, 0.014035, 0.0119579, 0.0155544, 0.116127
0.0659695, 0.0616834, 0.0587919, 0.0703638, 0.0587385, 0.060046, 0.0749819, 0.0692338, 0.0639876, 0.062911, 0.0695884, 0.0773868, 0.122303, 0.0812781, 0.126422, 0.0776731, 0.1303, 0.0770523, 0.137794, 0.0799598, 0.109153, 0.0834529, 0.139041, 0.0754087, 0.143735, 0.145141, 0.14697, 0.144471, 0.150414, 0.139131, 0.156903, 0.132914, 0.154351, 0.155875, 0.158782, 0.170232, 0.171469, 0.174007, 0.179231, 0.182586, 0.194053, 0.204258, 0.215716, 0.228866, 0.248918, 0.28211, 0.314378, 0.364824, 0.273593, 0.0782011, 0.00542683, 0.00106622, 0.000580633, 0.000501063, 0.000450839, 0.000500021, 0.000398471, 0.000336859, 0.000360182, 0.000396319, 0.00042105, 0.000358736, 0.000466633, 0.00348381
0, 0.615951, 1.2319, 1.84785, 2.4638, 3.07975, 3.6957, 4.31165, 4.9276, 5.54356, 6.15951, 6.77546, 7.39141, 8.00736, 8.62331, 9.23926, 9.85521, 10.4712, 11.0871, 11.7031, 12.319, 12.935, 13.5509, 14.1669, 14.7828, 15.3988, 16.0147, 16.6307, 17.2466, 17.8626, 18.4785, 19.0945, 19.7104, 20.3264, 20.9423, 21.5583, 22.1742, 22.7902, 23.4061, 24.0221, 24.638, 25.254, 25.8699, 26.4859, 27.1018, 27.7178, 28.3337, 28.9497, 29.5656, 30.1816, 30.7975, 31.4135, 32.0294, 32.6454, 33.2613, 33.8773, 34.4932, 35.1092, 35.7251, 36.3411, 36.957, 37.573, 38.1889, 38.8049, 39.4208, 40.0368, 40.6527, 41.2687, 41.8846, 42.5006, 43.1165, 43.7325, 44.3484, 44.9644, 45.5803, 46.1963, 46.8122, 47.4282, 48.0441, 48.6601, 49.276, 49.892, 50.5079, 51.1239, 51.7399, 52.3558, 52.9718, 53.5877, 54.2037, 54.8196, 55.4356, 56.0515, 56.6675, 57.2834, 57.8994, 58.5153, 59.1313, 59.7472, 60.3632, 60.9791, 61.5951, 62.211, 62.827, 63.4429, 64.0589, 64.6748, 65.2908, 65.9067, 66.5227, 67.1386, 67.7546, 68.3705, 68.9865, 69.6024, 70.2184, 70.8343, 71.4503, 72.0662, 72.6822, 73.2981, 73.9141, 74.53, 75.146, 75.7619, 76.3779, 76.9938, 77.6098, 78.2257, 78.8417, 79.4576, 80.0736, 80.6895, 81.3055, 81.9214, 82.5374, 83.1533, 83.7693, 84.3852, 85.0012, 85.6171, 86.2331, 86.849, 87.465, 88.0809, 88.6969, 89.3128, 89.9288, 90.5447, 91.1607, 91.7766, 92.3926, 93.0085, 93.6245, 94.2404, 94.8564, 95.4723, 96.0883, 96.7042, 97.3202, 97.9361, 98.5521, 99.168, 99.784, 100.4, 101.016, 101.632, 102.248, 102.864, 103.48, 104.096, 104.712, 105.328, 105.944, 106.559, 107.175, 107.791, 108.407, 109.023, 109.639, 110.255, 110.871, 111.487, 112.103, 112.719, 113.335, 113.951, 114.567, 115.183, 115.799, 116.415, 117.031, 117.647, 118.263, 118.878, 119.494, 120.11, 120.726, 121.342, 121.958, 122.574, 123.19, 123.806, 124.422, 125.038, 125.654, 126.27, 126.886, 127.502, 128.118, 128.734, 129.35, 129.966, 130.582, 131.197, 131.813, 132.429, 133.045, 133.661, 134.277, 134.893, 135.509, 136.125, 136.741, 137.357, 137.973, 138.589, 139.205, 139.821, 140.437, 141.053, 141.669, 142.285, 142.901, 143.516, 144.132, 144.748, 145.364, 145.98, 146.596, 147.212, 147.828, 148.444, 149.06, 149.676, 150.292, 150.908, 151.524, 152.14, 152.756, 153.372, 153.988, 154.604, 155.22, 155.836, 156.451, 157.067, 157.683, 158.299, 158.915, 159.531, 160.147, 160.763, 161.379, 161.995, 162.611, 163.227, 163.843, 164.459, 165.075, 165.691, 166.307, 166.923, 167.539, 168.155, 168.77, 169.386, 170.002, 170.618, 171.234, 171.85, 172.466, 173.082, 173.698, 174.314, 174.93, 175.546, 176.162, 176.778, 177.394, 178.01, 178.626, 179.242, 179.858, 180.474, 181.089, 181.705, 182.321, 182.937, 183.553, 184.169, 184.785, 185.401, 186.017, 186.633, 187.249, 187.865, 188.481, 189.097, 189.713, 190.329, 190.945, 191.561, 192.177, 192.793, 193.408, 194.024, 194.64, 195.256, 195.872, 196.488
0, 0, 0, 0, 0, 0, 0, 0, 0, 0, 0, 0, 0, 0, 0, 0, 0, 0, 0, 0, 0, 0, 0, 0, 0, 0, 0, 0, 0, 0, 0, 0, 0, 0, 0, 0, 0, 0, 0, 0, 0, 0, 0, 0, 0, 0, 0, 0, 0, 0, 0, 0, 0, 0, 0, 0, 0, 0, 0, 0, 0, 0, 0, 0, 0, 0, 0, 0, 0, 0, 0, 0, 0, 0, 0, 0, 0, 0, 0, 0, 0, 0, 0, 0, 0, 0, 0, 0, 0, 0, 0, 0, 0, 0, 0, 0, 0, 0, 0, 0, 0, 0, 0, 0, 0, 0, 0, 0, 0, 0, 0, 0, 0, 0, 0, 0, 0, 0, 0, 0, 0, 0, 0, 0, 0, 0, 0, 0, 0, 0, 0, 0, 0, 0, 0, 0, 0, 0, 0, 0, 0, 0, 0, 0, 0, 0, 0, 0, 0, 0, 0, 0, 0, 0, 0, 0, 0, 0, 0, 0, 0, 0, 0, 0, 0, 0, 0, 0, 0, 0, 0, 0, 0, 0, 0, 0, 0, 0, 0, 0, 0, 0, 0, 0, 0, 0, 0, 0, 0, 0, 0, 0, 0, 0, 0, 0, 0, 0, 0, 0, 0, 0, 0, 0, 0, 0, 0, 0, 0, 0, 0, 0, 0, 0, 0, 0, 0, 0, 0, 0, 0, 0, 0, 0, 0, 0, 0, 0, 0, 0, 0, 0, 0, 0, 0, 0, 0, 0, 0, 0, 0, 0, 0, 0, 0, 0, 0, 0, 0, 0, 0, 0, 0, 0, 0, 0, 0, 0, 0, 0, 0, 0, 0, 0, 0, 0, 0, 0, 0, 0, 0, 0, 0, 0, 0, 0, 0, 0, 0, 0, 0, 0, 0, 0, 0, 0, 0, 0, 0, 0, 0, 0, 0, 0, 0, 0, 0, 0, 0, 0, 0, 0, 0, 0, 0, 0, 0, 0, 0, 0, 0, 0, 0, 0, 0, 0, 0, 0, 0, 0
0, 0, 0, 0, 0, 0, 0, 0, 0, 0, 0, 0, 0, 0, 0, 0, 0, 0, 0, 0, 0, 0, 0, 0, 0, 0, 0, 0, 0, 0, 0, 0, 0, 0, 0, 0, 0, 0, 0, 0, 0, 0, 0, 0, 0, 0, 0, 0, 0, 0, 0, 0, 0, 0, 0, 0, 0, 0, 0, 0, 0, 0, 0, 0, 0, 0, 0, 0, 0, 0, 0, 0, 0, 0, 0, 0, 0, 0, 0, 0, 0, 0, 0, 0, 0, 0, 0, 0, 0, 0, 0, 0, 0, 0, 0, 0, 0, 0, 0, 0, 0, 0, 0, 0, 0, 0, 0, 0, 0, 0, 0, 0, 0, 0, 0, 0, 0, 0, 0, 0, 0, 0, 0, 0, 0, 0, 0, 0, 0, 0, 0, 0, 0, 0, 0, 0, 0, 0, 0, 0, 0, 0, 0, 0, 0, 0, 0, 0, 0, 0, 0, 0, 0, 0, 0, 0, 0, 0, 0, 0, 0, 0, 0, 0, 0, 0, 0, 0, 0, 0, 0, 0, 0, 0, 0, 0, 0, 0, 0, 0, 0, 0, 0, 0, 0, 0, 0, 0, 0, 0, 0, 0, 0, 0, 0, 0, 0, 0, 0, 0, 0, 0, 0, 0, 0, 0, 0, 0, 0, 0, 0, 0, 0, 0, 0, 0, 0, 0, 0, 0, 0, 0, 0, 0, 0, 0, 0, 0, 0, 0, 0, 0, 0, 0, 0, 0, 0, 0, 0, 0, 0, 0, 0, 0, 0, 0, 0, 0, 0, 0, 0, 0, 0, 0, 0, 0, 0, 0, 0, 0, 0, 0, 0, 0, 0, 0, 0, 0, 0, 0, 0, 0, 0, 0, 0, 0, 0, 0, 0, 0, 0, 0, 0, 0, 0, 0, 0, 0, 0, 0, 0, 0, 0, 0, 0, 0, 0, 0, 0, 0, 0, 0, 0, 0, 0, 0, 0, 0, 0, 0, 0, 0, 0, 0, 0, 0, 0, 0, 0, 0
-
-
 
MEASUREMENT 6
1.56305, 4.67879, 7.79453, 10.9103, 14.0312, 17.1469, 20.2679, 23.3784, 26.4796, 29.5859, 32.6913, 35.8071, 38.9228, 42.0385, 45.1595, 48.2752, 51.3909, 54.5067, 57.6224, 60.7381, 63.8435, 66.9593, 70.0698, 73.1752, 76.2806, 79.3859, 82.4913, 85.5967, 88.7021, 91.8074, 94.9128, 98.0182, 101.1, 104.148, 107.196, 110.244, 113.292, 116.339, 119.387, 122.435, 125.483, 128.531, 131.574, 134.622, 137.67, 140.718, 143.766, 146.814, 149.861, 152.909, 155.957, 159.005, 162.053, 165.101, 168.149, 171.197, 174.245, 177.293, 180.341, 183.389, 186.436, 189.484, 192.532, 195.58
2.20031, 2.05731, 1.96085, 2.34672, 1.96023, 2.00277, 2.50056, 2.31008, 2.13435, 2.09854, 2.32245, 2.5819, 4.08057, 2.71186, 4.2185, 2.59108, 4.34834, 2.57114, 4.59888, 2.66835, 3.64194, 2.78443, 4.63962, 2.51542, 4.79612, 4.84295, 4.9046, 4.82034, 5.01896, 4.64183, 5.23543, 4.43239, 5.14993, 5.20125, 5.29841, 5.68017, 5.72197, 5.80668, 5.98124, 6.09251, 6.47558, 6.8168, 7.19954, 7.63938, 8.30896, 9.41817, 10.4977, 12.1849, 9.13462, 2.608, 0.180794, 0.0354911, 0.0195081, 0.016694, 0.0153314, 0.0166105, 0.0133208, 0.0113917, 0.0121261, 0.0131112, 0.0141087, 0.0121847, 0.0156361, 0.116012
0.0660092, 0.0617194, 0.0588256, 0.0704015, 0.0588068, 0.0600831, 0.0750167, 0.0693023, 0.0640306, 0.0629561, 0.0696734, 0.0774571, 0.122417, 0.0813557, 0.126555, 0.0777325, 0.13045, 0.0771343, 0.137966, 0.0800505, 0.109258, 0.0835329, 0.139189, 0.0754625, 0.143884, 0.145289, 0.147138, 0.14461, 0.150569, 0.139255, 0.157063, 0.132972, 0.154498, 0.156037, 0.158952, 0.170405, 0.171659, 0.1742, 0.179437, 0.182775, 0.194267, 0.204504, 0.215986, 0.229181, 0.249269, 0.282545, 0.314931, 0.365547, 0.274039, 0.0782401, 0.00542383, 0.00106473, 0.000585243, 0.00050082, 0.000459942, 0.000498315, 0.000399625, 0.00034175, 0.000363783, 0.000393335, 0.000423261, 0.00036554, 0.000469083, 0.00348037
0, 0.615951, 1.2319, 1.84785, 2.4638, 3.07975, 3.6957, 4.31165, 4.9276, 5.54356, 6.15951, 6.77546, 7.39141, 8.00736, 8.62331, 9.23926, 9.85521, 10.4712, 11.0871, 11.7031, 12.319, 12.935, 13.5509, 14.1669, 14.7828, 15.3988, 16.0147, 16.6307, 17.2466, 17.8626, 18.4785, 19.0945, 19.7104, 20.3264, 20.9423, 21.5583, 22.1742, 22.7902, 23.4061, 24.0221, 24.638, 25.254, 25.8699, 26.4859, 27.1018, 27.7178, 28.3337, 28.9497, 29.5656, 30.1816, 30.7975, 31.4135, 32.0294, 32.6454, 33.2613, 33.8773, 34.4932, 35.1092, 35.7251, 36.3411, 36.957, 37.573, 38.1889, 38.8049, 39.4208, 40.0368, 40.6527, 41.2687, 41.8846, 42.5006, 43.1165, 43.7325, 44.3484, 44.9644, 45.5803, 46.1963, 46.8122, 47.4282, 48.0441, 48.6601, 49.276, 49.892, 50.5079, 51.1239, 51.7399, 52.3558, 52.9718, 53.5877, 54.2037, 54.8196, 55.4356, 56.0515, 56.6675, 57.2834, 57.8994, 58.5153, 59.1313, 59.7472, 60.3632, 60.9791, 61.5951, 62.211, 62.827, 63.4429, 64.0589, 64.6748, 65.2908, 65.9067, 66.5227, 67.1386, 67.7546, 68.3705, 68.9865, 69.6024, 70.2184, 70.8343, 71.4503, 72.0662, 72.6822, 73.2981, 73.9141, 74.53, 75.146, 75.7619, 76.3779, 76.9938, 77.6098, 78.2257, 78.8417, 79.4576, 80.0736, 80.6895, 81.3055, 81.9214, 82.5374, 83.1533, 83.7693, 84.3852, 85.0012, 85.6171, 86.2331, 86.849, 87.465, 88.0809, 88.6969, 89.3128, 89.9288, 90.5447, 91.1607, 91.7766, 92.3926, 93.0085, 93.6245, 94.2404, 94.8564, 95.4723, 96.0883, 96.7042, 97.3202, 97.9361, 98.5521, 99.168, 99.784, 100.4, 101.016, 101.632, 102.248, 102.864, 103.48, 104.096, 104.712, 105.328, 105.944, 106.559, 107.175, 107.791, 108.407, 109.023, 109.639, 110.255, 110.871, 111.487, 112.103, 112.719, 113.335, 113.951, 114.567, 115.183, 115.799, 116.415, 117.031, 117.647, 118.263, 118.878, 119.494, 120.11, 120.726, 121.342, 121.958, 122.574, 123.19, 123.806, 124.422, 125.038, 125.654, 126.27, 126.886, 127.502, 128.118, 128.734, 129.35, 129.966, 130.582, 131.197, 131.813, 132.429, 133.045, 133.661, 134.277, 134.893, 135.509, 136.125, 136.741, 137.357, 137.973, 138.589, 139.205, 139.821, 140.437, 141.053, 141.669, 142.285, 142.901, 143.516, 144.132, 144.748, 145.364, 145.98, 146.596, 147.212, 147.828, 148.444, 149.06, 149.676, 150.292, 150.908, 151.524, 152.14, 152.756, 153.372, 153.988, 154.604, 155.22, 155.836, 156.451, 157.067, 157.683, 158.299, 158.915, 159.531, 160.147, 160.763, 161.379, 161.995, 162.611, 163.227, 163.843, 164.459, 165.075, 165.691, 166.307, 166.923, 167.539, 168.155, 168.77, 169.386, 170.002, 170.618, 171.234, 171.85, 172.466, 173.082, 173.698, 174.314, 174.93, 175.546, 176.162, 176.778, 177.394, 178.01, 178.626, 179.242, 179.858, 180.474, 181.089, 181.705, 182.321, 182.937, 183.553, 184.169, 184.785, 185.401, 186.017, 186.633, 187.249, 187.865, 188.481, 189.097, 189.713, 190.329, 190.945, 191.561, 192.177, 192.793, 193.408, 194.024, 194.64, 195.256, 195.872, 196.488
3.53692, 3.53926, 3.54161, 3.544, 3.5464, 3.54883, 3.55129, 3.55376, 3.55627, 3.5588, 3.56135, 3.56393, 3.56653, 3.56917, 3.57183, 3.57451, 3.57722, 3.57996, 3.58273, 3.58553, 3.58835, 3.59121, 3.59409, 3.597, 3.59994, 3.60292, 3.60592, 3.60895, 3.61202, 3.61512, 3.61825, 3.62141, 3.6246, 3.62783, 3.63109, 3.63439, 3.63772, 3.64108, 3.64448, 3.64792, 3.65139, 3.6549, 3.65845, 3.66203, 3.66566, 3.66932, 3.67302, 3.67676, 3.68054, 3.68436, 3.68822, 3.69213, 3.69608, 3.70007, 3.7041, 3.70818, 3.7123, 3.71647, 3.72069, 3.72495, 3.72926, 3.73362, 3.73802, 3.74248, 3.74699, 3.75154, 3.75615, 3.76081, 3.76553, 3.7703, 3.77512, 3.78, 3.78493, 3.78992, 3.79497, 3.80008, 3.80525, 3.81048, 3.81578, 3.82113, 3.82655, 3.83203, 3.83758, 3.8432, 3.84888, 3.85463, 3.86046, 3.86635, 3.87232, 3.87836, 3.88448, 3.89067, 3.89694, 3.90328, 3.90971, 3.91622, 3.92282, 3.92949, 3.93626, 3.94311, 3.95005, 3.95708, 3.9642, 3.97141, 3.97873, 3.98613, 3.99364, 4.00125, 4.00896, 4.01678, 4.0247, 4.03274, 4.04088, 4.04914, 4.05751, 4.066, 4.07461, 4.08335, 4.09221, 4.10119, 4.11031, 4.11956, 4.12894, 4.13847, 4.14813, 4.15794, 4.1679, 4.17801, 4.18828, 4.1987, 4.20928, 4.22003, 4.23095, 4.24204, 4.2533, 4.26475, 4.27638, 4.28821, 4.30022, 4.31244, 4.32486, 4.33749, 4.35033, 4.3634, 4.37668, 4.3902, 4.40396, 4.41796, 4.43221, 4.44672, 4.46149, 4.47653, 4.49185, 4.50746, 4.52336, 4.53957, 4.55609, 4.57292, 4.59009, 4.6076, 4.62547, 4.64369, 4.66229, 4.68127, 4.70066, 4.72045, 4.74066, 4.76132, 4.78243, 4.80401, 4.82607, 4.84864, 4.87173, 4.89536, 4.91955, 4.94432, 4.96969, 4.99569, 5.02234, 5.04967, 5.0777, 5.10647, 5.136, 5.16633, 5.19749, 5.22953, 5.26247, 5.29636, 5.33124, 5.36717, 5.40419, 5.44236, 5.48174, 5.52238, 5.56436, 5.60775, 5.65263, 5.69908, 5.74719, 5.79707, 5.84882, 5.90255, 5.95841, 6.01652, 6.07704, 6.14015, 6.20602, 6.27488, 6.34694, 6.42247, 6.50176, 6.58512, 6.67289, 6.76557, 6.8636, 6.96751, 7.07796, 7.19568, 7.32156, 7.45665, 7.60223, 7.75988, 7.93155, 8.11975, 8.32762, 8.55919, 8.8194, 9.11417, 9.44999, 9.83308, 10.2678, 10.754, 11.2839, 11.8385, 12.3844, 12.8733, 13.244, 13.429, 13.3642, 13.0015, 12.32, 11.3326, 10.0909, 8.69234, 7.2203, 5.77409, 4.43954, 3.27819, 2.32256, 1.57761, 1.02672, 0.639864, 0.381684, 0.217838, 0.118913, 0.0620673, 0.0309688, 0.0147674, 0.00672791, 0.00292729, 0.00121525, 0.000480181, 0.000179135, 6.1165e-05, 1.58244e-05, 3.69287e-06, 1.18454e-06, 3.63221e-07, 1.06242e-07, 2.96436e-08, 7.88993e-09, 2.00319e-09, 4.85151e-10, 1.12083e-10, 2.47008e-11, 5.19263e-12, 1.04129e-12, 1.99188e-13, 3.63464e-14, 6.32656e-15, 1.05046e-15, 1.6638e-16, 2.51378e-17, 3.62294e-18, 4.98084e-19, 6.53206e-20, 8.17157e-21, 9.75142e-22, 1.11004e-22, 1.20535e-23, 1.24852e-24, 1.23363e-25, 1.16274e-26, 1.04541e-27, 8.966e-29, 7.33528e-30, 5.72455e-31, 4.26161e-32, 3.0263e-33, 2.05002e-34, 1.32468e-35, 8.16525e-37, 4.80105e-38, 2.69283e-39, 1.44075e-40, 7.35319e-42, 3.57989e-43, 1.66253e-44, 7.36506e-46, 3.11236e-47, 1.25462e-48, 4.82435e-50, 1.76959e-51, 6.19175e-53, 2.06662e-54, 6.57984e-56, 1.99837e-57, 5.78954e-59, 1.6e-60, 4.21794e-62
3.53692, 3.53926, 3.54161, 3.544, 3.5464, 3.54883, 3.55128, 3.55376, 3.55627, 3.55879, 3.56135, 3.56393, 3.56653, 3.56917, 3.57182, 3.57451, 3.57722, 3.57996, 3.58273, 3.58553, 3.58835, 3.5912, 3.59409, 3.597, 3.59994, 3.60291, 3.60592, 3.60895, 3.61202, 3.61511, 3.61824, 3.6214, 3.6246, 3.62782, 3.63109, 3.63438, 3.63771, 3.64108, 3.64448, 3.64791, 3.65139, 3.6549, 3.65844, 3.66203, 3.66565, 3.66931, 3.67301, 3.67675, 3.68053, 3.68435, 3.68822, 3.69212, 3.69607, 3.70006, 3.70409, 3.70817, 3.7123, 3.71647, 3.72068, 3.72494, 3.72925, 3.73361, 3.73801, 3.74247, 3.74698, 3.75153, 3.75614, 3.7608, 3.76552, 3.77028, 3.77511, 3.77998, 3.78492, 3.78991, 3.79496, 3.80007, 3.80524, 3.81047, 3.81576, 3.82112, 3.82653, 3.83202, 3.83757, 3.84318, 3.84887, 3.85462, 3.86044, 3.86634, 3.8723, 3.87834, 3.88446, 3.89065, 3.89692, 3.90327, 3.90969, 3.9162, 3.9228, 3.92947, 3.93623, 3.94308, 3.95002, 3.95705, 3.96417, 3.97139, 3.9787, 3.98611, 3.99362, 4.00123, 4.00894, 4.01675, 4.02468, 4.03271, 4.04085, 4.04911, 4.05748, 4.06597, 4.07458, 4.08332, 4.09218, 4.10116, 4.11028, 4.11953, 4.12891, 4.13843, 4.1481, 4.15791, 4.16787, 4.17798, 4.18824, 4.19866, 4.20924, 4.21999, 4.23091, 4.242, 4.25326, 4.26471, 4.27634, 4.28816, 4.30018, 4.31239, 4.32481, 4.33744, 4.35028, 4.36334, 4.37663, 4.39015, 4.40391, 4.41791, 4.43216, 4.44666, 4.46143, 4.47647, 4.49179, 4.5074, 4.5233, 4.5395, 4.55602, 4.57286, 4.59002, 4.60753, 4.62539, 4.64362, 4.66221, 4.6812, 4.70057, 4.72037, 4.74058, 4.76123, 4.78234, 4.80392, 4.82598, 4.84855, 4.87163, 4.89526, 4.91945, 4.94421, 4.96958, 4.99558, 5.02223, 5.04955, 5.07758, 5.10635, 5.13588, 5.1662, 5.19736, 5.22939, 5.26232, 5.29621, 5.33109, 5.36701, 5.40403, 5.44219, 5.48156, 5.5222, 5.56418, 5.60756, 5.65243, 5.69887, 5.74698, 5.79685, 5.84859, 5.90231, 5.95815, 6.01626, 6.07677, 6.13986, 6.20572, 6.27456, 6.34661, 6.42213, 6.5014, 6.58475, 6.67254, 6.7652, 6.8632, 6.96709, 7.0775, 7.19519, 7.32103, 7.45609, 7.60162, 7.75921, 7.93083, 8.11896, 8.32675, 8.55821, 8.81831, 9.11294, 9.44859, 9.83148, 10.2659, 10.7518, 11.2814, 11.8355, 12.381, 12.8696, 13.2401, 13.4251, 13.361, 12.9999, 12.3217, 11.3411, 10.109, 8.7063, 7.23072, 5.78162, 4.44481, 3.28174, 2.32487, 1.57906, 1.02759, 0.64037, 0.381966, 0.217988, 0.11899, 0.0621054, 0.0309868, 0.0147755, 0.00673141, 0.00292874, 0.00121583, 0.000480387, 0.000179293, 6.11831e-05, 1.58242e-05, 3.68526e-06, 1.18463e-06, 3.63246e-07, 1.0625e-07, 2.96457e-08, 7.89047e-09, 2.00333e-09, 4.85185e-10, 1.12091e-10, 2.47024e-11, 5.19299e-12, 1.04136e-12, 1.99202e-13, 3.63489e-14, 6.32699e-15, 1.05053e-15, 1.66391e-16, 2.51395e-17, 3.62318e-18, 4.98117e-19, 6.5325e-20, 8.17212e-21, 9.75207e-22, 1.11011e-22, 1.20543e-23, 1.2486e-24, 1.23372e-25, 1.16282e-26, 1.04548e-27, 8.96659e-29, 7.33576e-30, 5.72493e-31, 4.26188e-32, 3.0265e-33, 2.05015e-34, 1.32476e-35, 8.16578e-37, 4.80135e-38, 2.693e-39, 1.44084e-40, 7.35365e-42, 3.58011e-43, 1.66263e-44, 7.36553e-46, 3.11256e-47, 1.2547e-48, 4.82465e-50, 1.7697e-51, 6.19214e-53, 2.06675e-54, 6.58025e-56, 1.9985e-57, 5.7899e-59, 1.60009e-60, 4.21819e-62
148.77
145.40
 
MEASUREMENT 7
1.56305, 4.67879, 7.79453, 10.9103, 14.0312, 17.1469, 20.2679, 23.3784, 26.4796, 29.5859, 32.6913, 35.8071, 38.9228, 42.0385, 45.1595, 48.2752, 51.3909, 54.5067, 57.6224, 60.7381, 63.8435, 66.9593, 70.0698, 73.1752, 76.2806, 79.3859, 82.4913, 85.5967, 88.7021, 91.8074, 94.9128, 98.0182, 101.1, 104.148, 107.196, 110.244, 113.292, 116.339, 119.387, 122.435, 125.483, 128.531, 131.574, 134.622, 137.67, 140.718, 143.766, 146.814, 149.861, 152.909, 155.957, 159.005, 162.053, 165.101, 168.149, 171.197, 174.245, 177.293, 180.341, 183.389, 186.436, 189.484, 192.532, 195.58
2.20226, 2.05919, 1.9623, 2.34843, 1.96166, 2.00417, 2.50319, 2.3119, 2.13621, 2.09984, 2.32481, 2.58427, 4.08502, 2.7146, 4.22326, 2.59344, 4.3531, 2.57374, 4.60374, 2.67167, 3.64494, 2.78718, 4.6448, 2.51711, 4.80151, 4.84841, 4.91008, 4.82575, 5.02431, 4.64594, 5.24127, 4.43596, 5.15492, 5.20716, 5.30377, 5.68657, 5.72822, 5.81357, 5.98839, 6.10013, 6.48309, 6.82564, 7.20849, 7.64981, 8.3208, 9.43283, 10.5165, 12.2095, 9.15061, 2.61016, 0.181028, 0.0355512, 0.0193893, 0.0167396, 0.0150359, 0.0166448, 0.0133192, 0.0113104, 0.0120538, 0.0132744, 0.0140599, 0.0121935, 0.0154748, 0.114997
0.0660678, 0.0617756, 0.0588689, 0.070453, 0.0588498, 0.0601251, 0.0750958, 0.0693569, 0.0640863, 0.0629953, 0.0697443, 0.077528, 0.122551, 0.0814379, 0.126698, 0.0778033, 0.130593, 0.0772121, 0.138112, 0.08015, 0.109348, 0.0836155, 0.139344, 0.0755133, 0.144045, 0.145452, 0.147302, 0.144772, 0.150729, 0.139378, 0.157238, 0.133079, 0.154648, 0.156215, 0.159113, 0.170597, 0.171847, 0.174407, 0.179652, 0.183004, 0.194493, 0.204769, 0.216255, 0.229494, 0.249624, 0.282985, 0.315495, 0.366284, 0.274518, 0.0783048, 0.00543084, 0.00106654, 0.000581678, 0.000502187, 0.000451078, 0.000499345, 0.000399576, 0.000339311, 0.000361614, 0.000398233, 0.000421797, 0.000365805, 0.000464244, 0.00344992
0, 0.615951, 1.2319, 1.84785, 2.4638, 3.07975, 3.6957, 4.31165, 4.9276, 5.54356, 6.15951, 6.77546, 7.39141, 8.00736, 8.62331, 9.23926, 9.85521, 10.4712, 11.0871, 11.7031, 12.319, 12.935, 13.5509, 14.1669, 14.7828, 15.3988, 16.0147, 16.6307, 17.2466, 17.8626, 18.4785, 19.0945, 19.7104, 20.3264, 20.9423, 21.5583, 22.1742, 22.7902, 23.4061, 24.0221, 24.638, 25.254, 25.8699, 26.4859, 27.1018, 27.7178, 28.3337, 28.9497, 29.5656, 30.1816, 30.7975, 31.4135, 32.0294, 32.6454, 33.2613, 33.8773, 34.4932, 35.1092, 35.7251, 36.3411, 36.957, 37.573, 38.1889, 38.8049, 39.4208, 40.0368, 40.6527, 41.2687, 41.8846, 42.5006, 43.1165, 43.7325, 44.3484, 44.9644, 45.5803, 46.1963, 46.8122, 47.4282, 48.0441, 48.6601, 49.276, 49.892, 50.5079, 51.1239, 51.7399, 52.3558, 52.9718, 53.5877, 54.2037, 54.8196, 55.4356, 56.0515, 56.6675, 57.2834, 57.8994, 58.5153, 59.1313, 59.7472, 60.3632, 60.9791, 61.5951, 62.211, 62.827, 63.4429, 64.0589, 64.6748, 65.2908, 65.9067, 66.5227, 67.1386, 67.7546, 68.3705, 68.9865, 69.6024, 70.2184, 70.8343, 71.4503, 72.0662, 72.6822, 73.2981, 73.9141, 74.53, 75.146, 75.7619, 76.3779, 76.9938, 77.6098, 78.2257, 78.8417, 79.4576, 80.0736, 80.6895, 81.3055, 81.9214, 82.5374, 83.1533, 83.7693, 84.3852, 85.0012, 85.6171, 86.2331, 86.849, 87.465, 88.0809, 88.6969, 89.3128, 89.9288, 90.5447, 91.1607, 91.7766, 92.3926, 93.0085, 93.6245, 94.2404, 94.8564, 95.4723, 96.0883, 96.7042, 97.3202, 97.9361, 98.5521, 99.168, 99.784, 100.4, 101.016, 101.632, 102.248, 102.864, 103.48, 104.096, 104.712, 105.328, 105.944, 106.559, 107.175, 107.791, 108.407, 109.023, 109.639, 110.255, 110.871, 111.487, 112.103, 112.719, 113.335, 113.951, 114.567, 115.183, 115.799, 116.415, 117.031, 117.647, 118.263, 118.878, 119.494, 120.11, 120.726, 121.342, 121.958, 122.574, 123.19, 123.806, 124.422, 125.038, 125.654, 126.27, 126.886, 127.502, 128.118, 128.734, 129.35, 129.966, 130.582, 131.197, 131.813, 132.429, 133.045, 133.661, 134.277, 134.893, 135.509, 136.125, 136.741, 137.357, 137.973, 138.589, 139.205, 139.821, 140.437, 141.053, 141.669, 142.285, 142.901, 143.516, 144.132, 144.748, 145.364, 145.98, 146.596, 147.212, 147.828, 148.444, 149.06, 149.676, 150.292, 150.908, 151.524, 152.14, 152.756, 153.372, 153.988, 154.604, 155.22, 155.836, 156.451, 157.067, 157.683, 158.299, 158.915, 159.531, 160.147, 160.763, 161.379, 161.995, 162.611, 163.227, 163.843, 164.459, 165.075, 165.691, 166.307, 166.923, 167.539, 168.155, 168.77, 169.386, 170.002, 170.618, 171.234, 171.85, 172.466, 173.082, 173.698, 174.314, 174.93, 175.546, 176.162, 176.778, 177.394, 178.01, 178.626, 179.242, 179.858, 180.474, 181.089, 181.705, 182.321, 182.937, 183.553, 184.169, 184.785, 185.401, 186.017, 186.633, 187.249, 187.865, 188.481, 189.097, 189.713, 190.329, 190.945, 191.561, 192.177, 192.793, 193.408, 194.024, 194.64, 195.256, 195.872, 196.488
3.54275, 3.54508, 3.54745, 3.54983, 3.55224, 3.55467, 3.55713, 3.55961, 3.56212, 3.56465, 3.56721, 3.5698, 3.57241, 3.57504, 3.5777, 3.58039, 3.58311, 3.58586, 3.58863, 3.59143, 3.59426, 3.59712, 3.6, 3.60292, 3.60587, 3.60884, 3.61185, 3.61489, 3.61796, 3.62106, 3.6242, 3.62736, 3.63056, 3.6338, 3.63706, 3.64036, 3.6437, 3.64707, 3.65048, 3.65392, 3.6574, 3.66091, 3.66446, 3.66805, 3.67168, 3.67535, 3.67906, 3.6828, 3.68659, 3.69042, 3.69429, 3.6982, 3.70215, 3.70615, 3.71019, 3.71428, 3.71841, 3.72258, 3.7268, 3.73107, 3.73539, 3.73975, 3.74417, 3.74863, 3.75314, 3.75771, 3.76232, 3.76699, 3.77171, 3.77649, 3.78132, 3.7862, 3.79115, 3.79615, 3.80121, 3.80632, 3.8115, 3.81674, 3.82204, 3.8274, 3.83283, 3.83832, 3.84388, 3.8495, 3.8552, 3.86096, 3.86679, 3.8727, 3.87867, 3.88472, 3.89085, 3.89705, 3.90333, 3.90969, 3.91612, 3.92264, 3.92925, 3.93594, 3.94271, 3.94957, 3.95652, 3.96356, 3.97069, 3.97792, 3.98524, 3.99267, 4.00019, 4.00781, 4.01553, 4.02336, 4.0313, 4.03934, 4.0475, 4.05577, 4.06415, 4.07266, 4.08128, 4.09003, 4.0989, 4.1079, 4.11703, 4.1263, 4.1357, 4.14524, 4.15492, 4.16474, 4.17472, 4.18484, 4.19512, 4.20556, 4.21616, 4.22692, 4.23786, 4.24896, 4.26025, 4.27171, 4.28337, 4.29521, 4.30724, 4.31948, 4.33192, 4.34456, 4.35743, 4.37051, 4.38382, 4.39736, 4.41114, 4.42516, 4.43943, 4.45396, 4.46875, 4.48382, 4.49916, 4.5148, 4.53072, 4.54695, 4.56349, 4.58036, 4.59755, 4.61509, 4.63298, 4.65123, 4.66986, 4.68887, 4.70828, 4.7281, 4.74835, 4.76904, 4.79018, 4.81179, 4.83389, 4.85649, 4.87961, 4.90328, 4.9275, 4.95231, 4.97772, 5.00376, 5.03045, 5.05782, 5.08589, 5.1147, 5.14428, 5.17465, 5.20586, 5.23793, 5.27092, 5.30486, 5.3398, 5.37578, 5.41285, 5.45108, 5.49051, 5.53121, 5.57325, 5.6167, 5.66164, 5.70816, 5.75634, 5.80628, 5.8581, 5.91191, 5.96784, 6.02603, 6.08663, 6.14982, 6.21578, 6.28473, 6.35688, 6.43251, 6.5119, 6.59537, 6.68325, 6.77604, 6.87418, 6.97822, 7.08879, 7.20664, 7.33265, 7.46789, 7.61361, 7.7714, 7.94321, 8.13155, 8.33956, 8.57126, 8.8316, 9.1265, 9.46248, 9.84581, 10.2809, 10.7677, 11.2986, 11.8545, 12.4024, 12.8937, 13.2672, 13.4549, 13.3926, 13.0317, 12.3509, 11.3629, 10.119, 8.71728, 7.24125, 5.79072, 4.45197, 3.2869, 2.32825, 1.58105, 1.02861, 0.640776, 0.382045, 0.217923, 0.118885, 0.0620097, 0.0309163, 0.0147299, 0.00670468, 0.00291428, 0.00120854, 0.000476959, 0.00017768, 6.05356e-05, 1.55331e-05, 3.65133e-06, 1.16945e-06, 3.58025e-07, 1.04549e-07, 2.91205e-08, 7.73666e-09, 1.96057e-09, 4.73899e-10, 1.09261e-10, 2.40279e-11, 5.04013e-12, 1.00842e-12, 1.9245e-13, 3.50322e-14, 6.08264e-15, 1.00737e-15, 1.59134e-16, 2.39779e-17, 3.44613e-18, 4.72419e-19, 6.17728e-20, 7.70445e-21, 9.16559e-22, 1.04005e-22, 1.12569e-23, 1.16215e-24, 1.1444e-25, 1.0749e-26, 9.6301e-28, 8.22942e-29, 6.70782e-30, 5.21517e-31, 3.86749e-32, 2.73567e-33, 1.84575e-34, 1.18783e-35, 7.29144e-37, 4.26918e-38, 2.38424e-39, 1.27008e-40, 6.45332e-42, 3.1276e-43, 1.44582e-44, 6.37513e-46, 2.68126e-47, 1.07563e-48, 4.11586e-50, 1.50222e-51, 5.22972e-53, 1.73659e-54, 5.50037e-56, 1.66173e-57, 4.78852e-59, 1.31619e-60, 3.4507e-62
3.54275, 3.54508, 3.54745, 3.54983, 3.55224, 3.55467, 3.55713, 3.55961, 3.56212, 3.56465, 3.56721, 3.56979, 3.5724, 3.57504, 3.5777, 3.58039, 3.58311, 3.58585, 3.58863, 3.59143, 3.59426, 3.59711, 3.6, 3.60292, 3.60586, 3.60884, 3.61185, 3.61489, 3.61796, 3.62106, 3.62419, 3.62736, 3.63056, 3.63379, 3.63706, 3.64036, 3.64369, 3.64706, 3.65047, 3.65391, 3.65739, 3.66091, 3.66446, 3.66805, 3.67168, 3.67534, 3.67905, 3.6828, 3.68658, 3.69041, 3.69428, 3.69819, 3.70215, 3.70614, 3.71018, 3.71427, 3.7184, 3.72257, 3.72679, 3.73106, 3.73538, 3.73974, 3.74416, 3.74862, 3.75313, 3.7577, 3.76231, 3.76698, 3.7717, 3.77648, 3.78131, 3.78619, 3.79113, 3.79613, 3.80119, 3.80631, 3.81149, 3.81673, 3.82203, 3.82739, 3.83281, 3.83831, 3.84386, 3.84949, 3.85518, 3.86094, 3.86678, 3.87268, 3.87865, 3.8847, 3.89083, 3.89703, 3.90331, 3.90967, 3.9161, 3.92262, 3.92923, 3.93591, 3.94269, 3.94955, 3.9565, 3.96354, 3.97067, 3.9779, 3.98522, 3.99264, 4.00016, 4.00778, 4.0155, 4.02333, 4.03127, 4.03931, 4.04747, 4.05574, 4.06413, 4.07263, 4.08125, 4.09, 4.09887, 4.10787, 4.117, 4.12626, 4.13566, 4.1452, 4.15488, 4.16471, 4.17468, 4.1848, 4.19508, 4.20552, 4.21612, 4.22688, 4.23782, 4.24892, 4.26021, 4.27167, 4.28332, 4.29516, 4.3072, 4.31943, 4.33187, 4.34452, 4.35738, 4.37046, 4.38377, 4.39731, 4.41108, 4.4251, 4.43938, 4.4539, 4.4687, 4.48376, 4.4991, 4.51473, 4.53066, 4.54689, 4.56343, 4.58029, 4.59748, 4.61502, 4.63291, 4.65116, 4.66978, 4.68879, 4.7082, 4.72802, 4.74827, 4.76895, 4.79009, 4.8117, 4.8338, 4.8564, 4.87952, 4.90318, 4.9274, 4.9522, 4.97761, 5.00365, 5.03033, 5.0577, 5.08577, 5.11458, 5.14415, 5.17452, 5.20572, 5.2378, 5.27078, 5.30471, 5.33964, 5.37562, 5.41269, 5.45091, 5.49033, 5.53103, 5.57306, 5.61651, 5.66144, 5.70795, 5.75612, 5.80606, 5.85787, 5.91167, 5.96759, 6.02577, 6.08636, 6.14954, 6.21549, 6.28442, 6.35656, 6.43217, 6.51154, 6.59499, 6.68289, 6.77567, 6.87378, 6.97779, 7.08833, 7.20615, 7.33213, 7.46732, 7.613, 7.77073, 7.94249, 8.13076, 8.33869, 8.57029, 8.83052, 9.12528, 9.46109, 9.84421, 10.279, 10.7655, 11.296, 11.8516, 12.399, 12.89, 13.2632, 13.4511, 13.3894, 13.0301, 12.3525, 11.3713, 10.1372, 8.73127, 7.2517, 5.79827, 4.45725, 3.29046, 2.33057, 1.5825, 1.02948, 0.641282, 0.382327, 0.218074, 0.118962, 0.0620477, 0.0309342, 0.014738, 0.00670817, 0.00291572, 0.00120912, 0.000477164, 0.000177837, 6.05534e-05, 1.5533e-05, 3.64381e-06, 1.16953e-06, 3.5805e-07, 1.04556e-07, 2.91225e-08, 7.73719e-09, 1.9607e-09, 4.73931e-10, 1.09268e-10, 2.40295e-11, 5.04048e-12, 1.00849e-12, 1.92463e-13, 3.50346e-14, 6.08305e-15, 1.00744e-15, 1.59145e-16, 2.39795e-17, 3.44636e-18, 4.72451e-19, 6.17769e-20, 7.70496e-21, 9.1662e-22, 1.04012e-22, 1.12577e-23, 1.16222e-24, 1.14447e-25, 1.07497e-26, 9.63073e-28, 8.22995e-29, 6.70826e-30, 5.2155e-31, 3.86774e-32, 2.73585e-33, 1.84587e-34, 1.18791e-35, 7.29191e-37, 4.26945e-38, 2.38439e-39, 1.27016e-40, 6.45373e-42, 3.1278e-43, 1.44591e-44, 6.37553e-46, 2.68143e-47, 1.0757e-48, 4.11611e-50, 1.50231e-51, 5.23004e-53, 1.7367e-54, 5.50071e-56, 1.66183e-57, 4.78881e-59, 1.31627e-60, 3.45091e-62
148.78
145.40
 
MEASUREMENT 8
1.56305, 4.67879, 7.79453, 10.9103, 14.0312, 17.1469, 20.2679, 23.3784, 26.4796, 29.5859, 32.6913, 35.8071, 38.9228, 42.0385, 45.1595, 48.2752, 51.3909, 54.5067, 57.6224, 60.7381, 63.8435, 66.9593, 70.0698, 73.1752, 76.2806, 79.3859, 82.4913, 85.5967, 88.7021, 91.8074, 94.9128, 98.0182, 101.1, 104.148, 107.196, 110.244, 113.292, 116.339, 119.387, 122.435, 125.483, 128.531, 131.574, 134.622, 137.67, 140.718, 143.766, 146.814, 149.861, 152.909, 155.957, 159.005, 162.053, 165.101, 168.149, 171.197, 174.245, 177.293, 180.341, 183.389, 186.436, 189.484, 192.532, 195.58
2.20323, 2.06026, 1.96311, 2.34925, 1.96292, 2.00604, 2.50446, 2.31376, 2.13726, 2.10093, 2.32759, 2.58684, 4.08916, 2.71723, 4.22769, 2.59649, 4.35784, 2.57605, 4.60886, 2.67487, 3.64537, 2.79036, 4.64957, 2.51865, 4.80645, 4.85341, 4.9155, 4.83042, 5.0305, 4.64994, 5.24655, 4.43982, 5.15967, 5.21198, 5.30865, 5.69264, 5.73474, 5.82022, 5.99531, 6.10668, 6.48994, 6.83367, 7.21716, 7.65991, 8.332, 9.44641, 10.5338, 12.2331, 9.16565, 2.61237, 0.181166, 0.0356573, 0.0194486, 0.0169599, 0.0151182, 0.0167138, 0.0134319, 0.0114336, 0.0120736, 0.0132907, 0.0140151, 0.0122256, 0.0155721, 0.115517
0.066097, 0.0618079, 0.0588932, 0.0704774, 0.0588876, 0.0601811, 0.0751339, 0.0694129, 0.0641177, 0.0630278, 0.0698276, 0.0776052, 0.122675, 0.0815169, 0.126831, 0.0778946, 0.130735, 0.0772815, 0.138266, 0.0802462, 0.109361, 0.0837107, 0.139487, 0.0755595, 0.144194, 0.145602, 0.147465, 0.144913, 0.150915, 0.139498, 0.157397, 0.133195, 0.15479, 0.156359, 0.15926, 0.170779, 0.172042, 0.174607, 0.179859, 0.1832, 0.194698, 0.20501, 0.216515, 0.229797, 0.24996, 0.283392, 0.316014, 0.366993, 0.274969, 0.0783712, 0.00543498, 0.00106972, 0.000583458, 0.000508797, 0.000453547, 0.000501414, 0.000402958, 0.000343007, 0.000362208, 0.00039872, 0.000420454, 0.000366768, 0.000467164, 0.00346552
0, 0.615951, 1.2319, 1.84785, 2.4638, 3.07975, 3.6957, 4.31165, 4.9276, 5.54356, 6.15951, 6.77546, 7.39141, 8.00736, 8.62331, 9.23926, 9.85521, 10.4712, 11.0871, 11.7031, 12.319, 12.935, 13.5509, 14.1669, 14.7828, 15.3988, 16.0147, 16.6307, 17.2466, 17.8626, 18.4785, 19.0945, 19.7104, 20.3264, 20.9423, 21.5583, 22.1742, 22.7902, 23.4061, 24.0221, 24.638, 25.254, 25.8699, 26.4859, 27.1018, 27.7178, 28.3337, 28.9497, 29.5656, 30.1816, 30.7975, 31.4135, 32.0294, 32.6454, 33.2613, 33.8773, 34.4932, 35.1092, 35.7251, 36.3411, 36.957, 37.573, 38.1889, 38.8049, 39.4208, 40.0368, 40.6527, 41.2687, 41.8846, 42.5006, 43.1165, 43.7325, 44.3484, 44.9644, 45.5803, 46.1963, 46.8122, 47.4282, 48.0441, 48.6601, 49.276, 49.892, 50.5079, 51.1239, 51.7399, 52.3558, 52.9718, 53.5877, 54.2037, 54.8196, 55.4356, 56.0515, 56.6675, 57.2834, 57.8994, 58.5153, 59.1313, 59.7472, 60.3632, 60.9791, 61.5951, 62.211, 62.827, 63.4429, 64.0589, 64.6748, 65.2908, 65.9067, 66.5227, 67.1386, 67.7546, 68.3705, 68.9865, 69.6024, 70.2184, 70.8343, 71.4503, 72.0662, 72.6822, 73.2981, 73.9141, 74.53, 75.146, 75.7619, 76.3779, 76.9938, 77.6098, 78.2257, 78.8417, 79.4576, 80.0736, 80.6895, 81.3055, 81.9214, 82.5374, 83.1533, 83.7693, 84.3852, 85.0012, 85.6171, 86.2331, 86.849, 87.465, 88.0809, 88.6969, 89.3128, 89.9288, 90.5447, 91.1607, 91.7766, 92.3926, 93.0085, 93.6245, 94.2404, 94.8564, 95.4723, 96.0883, 96.7042, 97.3202, 97.9361, 98.5521, 99.168, 99.784, 100.4, 101.016, 101.632, 102.248, 102.864, 103.48, 104.096, 104.712, 105.328, 105.944, 106.559, 107.175, 107.791, 108.407, 109.023, 109.639, 110.255, 110.871, 111.487, 112.103, 112.719, 113.335, 113.951, 114.567, 115.183, 115.799, 116.415, 117.031, 117.647, 118.263, 118.878, 119.494, 120.11, 120.726, 121.342, 121.958, 122.574, 123.19, 123.806, 124.422, 125.038, 125.654, 126.27, 126.886, 127.502, 128.118, 128.734, 129.35, 129.966, 130.582, 131.197, 131.813, 132.429, 133.045, 133.661, 134.277, 134.893, 135.509, 136.125, 136.741, 137.357, 137.973, 138.589, 139.205, 139.821, 140.437, 141.053, 141.669, 142.285, 142.901, 143.516, 144.132, 144.748, 145.364, 145.98, 146.596, 147.212, 147.828, 148.444, 149.06, 149.676, 150.292, 150.908, 151.524, 152.14, 152.756, 153.372, 153.988, 154.604, 155.22, 155.836, 156.451, 157.067, 157.683, 158.299, 158.915, 159.531, 160.147, 160.763, 161.379, 161.995, 162.611, 163.227, 163.843, 164.459, 165.075, 165.691, 166.307, 166.923, 167.539, 168.155, 168.77, 169.386, 170.002, 170.618, 171.234, 171.85, 172.466, 173.082, 173.698, 174.314, 174.93, 175.546, 176.162, 176.778, 177.394, 178.01, 178.626, 179.242, 179.858, 180.474, 181.089, 181.705, 182.321, 182.937, 183.553, 184.169, 184.785, 185.401, 186.017, 186.633, 187.249, 187.865, 188.481, 189.097, 189.713, 190.329, 190.945, 191.561, 192.177, 192.793, 193.408, 194.024, 194.64, 195.256, 195.872, 196.488
3.54516, 3.54751, 3.54987, 3.55226, 3.55467, 3.5571, 3.55956, 3.56205, 3.56456, 3.56709, 3.56965, 3.57224, 3.57485, 3.57749, 3.58016, 3.58285, 3.58557, 3.58831, 3.59109, 3.59389, 3.59673, 3.59959, 3.60248, 3.6054, 3.60835, 3.61133, 3.61434, 3.61738, 3.62045, 3.62356, 3.62669, 3.62986, 3.63306, 3.6363, 3.63957, 3.64287, 3.64621, 3.64959, 3.653, 3.65644, 3.65992, 3.66344, 3.667, 3.67059, 3.67422, 3.67789, 3.6816, 3.68535, 3.68914, 3.69298, 3.69685, 3.70076, 3.70472, 3.70872, 3.71277, 3.71686, 3.72099, 3.72517, 3.72939, 3.73367, 3.73799, 3.74236, 3.74677, 3.75124, 3.75576, 3.76033, 3.76495, 3.76962, 3.77435, 3.77913, 3.78396, 3.78885, 3.7938, 3.7988, 3.80387, 3.80899, 3.81417, 3.81942, 3.82472, 3.83009, 3.83552, 3.84102, 3.84658, 3.85221, 3.85791, 3.86368, 3.86952, 3.87543, 3.88141, 3.88747, 3.8936, 3.8998, 3.90609, 3.91245, 3.9189, 3.92543, 3.93203, 3.93873, 3.94551, 3.95238, 3.95933, 3.96638, 3.97352, 3.98076, 3.98809, 3.99552, 4.00304, 4.01067, 4.0184, 4.02624, 4.03419, 4.04224, 4.0504, 4.05868, 4.06708, 4.07559, 4.08422, 4.09298, 4.10186, 4.11087, 4.12001, 4.12928, 4.13869, 4.14824, 4.15793, 4.16777, 4.17775, 4.18789, 4.19818, 4.20863, 4.21924, 4.23002, 4.24096, 4.25208, 4.26338, 4.27486, 4.28652, 4.29837, 4.31042, 4.32267, 4.33512, 4.34779, 4.36066, 4.37376, 4.38708, 4.40064, 4.41443, 4.42847, 4.44276, 4.45731, 4.47212, 4.4872, 4.50256, 4.51821, 4.53415, 4.5504, 4.56697, 4.58385, 4.60107, 4.61862, 4.63653, 4.65481, 4.67346, 4.69249, 4.71193, 4.73177, 4.75204, 4.77276, 4.79393, 4.81556, 4.83769, 4.86032, 4.88347, 4.90717, 4.93142, 4.95626, 4.9817, 5.00778, 5.0345, 5.06191, 5.09002, 5.11887, 5.14848, 5.1789, 5.21015, 5.24227, 5.27531, 5.3093, 5.34428, 5.38031, 5.41744, 5.45573, 5.49522, 5.53598, 5.57809, 5.62161, 5.66662, 5.71321, 5.76147, 5.8115, 5.8634, 5.9173, 5.97333, 6.03162, 6.09234, 6.15564, 6.22173, 6.2908, 6.3631, 6.43888, 6.51843, 6.60208, 6.69015, 6.78315, 6.88152, 6.98581, 7.09665, 7.21481, 7.34116, 7.47679, 7.62295, 7.78124, 7.95366, 8.14269, 8.35154, 8.58424, 8.84578, 9.14208, 9.47965, 9.86466, 10.3013, 10.7894, 11.3208, 11.8761, 12.4216, 12.9086, 13.2758, 13.4557, 13.3844, 13.0146, 12.326, 11.3321, 10.0857, 8.68386, 7.21028, 5.76403, 4.43052, 3.27081, 2.31701, 1.57375, 1.02424, 0.638387, 0.380881, 0.217443, 0.118744, 0.062009, 0.0309576, 0.014772, 0.00673519, 0.002933, 0.0012188, 0.000482104, 0.000180075, 6.15871e-05, 1.60071e-05, 3.72452e-06, 1.19654e-06, 3.67505e-07, 1.07684e-07, 3.01014e-08, 8.02738e-09, 2.04227e-09, 4.95681e-10, 1.14774e-10, 2.53532e-11, 5.34288e-12, 1.07416e-12, 2.06021e-13, 3.76969e-14, 6.58039e-15, 1.09584e-15, 1.74098e-16, 2.63871e-17, 3.8154e-18, 5.26307e-19, 6.9261e-20, 8.69539e-21, 1.04145e-21, 1.18999e-22, 1.29716e-23, 1.34896e-24, 1.33829e-25, 1.26665e-26, 1.1437e-27, 9.85184e-29, 8.09606e-30, 6.34718e-31, 4.74721e-32, 3.38724e-33, 2.30571e-34, 1.49732e-35, 9.2763e-37, 5.48258e-38, 3.09134e-39, 1.66287e-40, 8.53336e-42, 4.17765e-43, 1.95117e-44, 8.69379e-46, 3.6955e-47, 1.49861e-48, 5.79765e-50, 2.13977e-51, 7.53413e-53, 2.53075e-54, 8.10991e-56, 2.47932e-57, 7.23103e-59, 2.01195e-60, 5.34055e-62
3.54516, 3.54751, 3.54987, 3.55226, 3.55467, 3.5571, 3.55956, 3.56205, 3.56456, 3.56709, 3.56965, 3.57224, 3.57485, 3.57749, 3.58015, 3.58285, 3.58557, 3.58831, 3.59109, 3.59389, 3.59672, 3.59958, 3.60247, 3.60539, 3.60834, 3.61132, 3.61433, 3.61737, 3.62045, 3.62355, 3.62669, 3.62986, 3.63306, 3.6363, 3.63957, 3.64287, 3.64621, 3.64958, 3.65299, 3.65643, 3.65992, 3.66343, 3.66699, 3.67058, 3.67422, 3.67789, 3.6816, 3.68535, 3.68914, 3.69297, 3.69684, 3.70076, 3.70471, 3.70871, 3.71276, 3.71685, 3.72098, 3.72516, 3.72939, 3.73366, 3.73798, 3.74235, 3.74676, 3.75123, 3.75575, 3.76032, 3.76494, 3.76961, 3.77433, 3.77911, 3.78395, 3.78884, 3.79379, 3.79879, 3.80385, 3.80898, 3.81416, 3.8194, 3.82471, 3.83008, 3.83551, 3.841, 3.84657, 3.8522, 3.8579, 3.86366, 3.8695, 3.87541, 3.88139, 3.88745, 3.89358, 3.89979, 3.90607, 3.91243, 3.91888, 3.92541, 3.93201, 3.93871, 3.94549, 3.95236, 3.95931, 3.96636, 3.9735, 3.98073, 3.98806, 3.99549, 4.00302, 4.01065, 4.01838, 4.02622, 4.03416, 4.04221, 4.05038, 4.05866, 4.06705, 4.07556, 4.08419, 4.09295, 4.10183, 4.11084, 4.11998, 4.12925, 4.13866, 4.14821, 4.1579, 4.16774, 4.17772, 4.18785, 4.19814, 4.20859, 4.2192, 4.22998, 4.24092, 4.25204, 4.26334, 4.27481, 4.28648, 4.29833, 4.31038, 4.32262, 4.33508, 4.34774, 4.36061, 4.37371, 4.38703, 4.40059, 4.41438, 4.42842, 4.4427, 4.45725, 4.47206, 4.48714, 4.5025, 4.51815, 4.53409, 4.55034, 4.5669, 4.58378, 4.601, 4.61855, 4.63646, 4.65473, 4.67338, 4.69241, 4.71185, 4.73169, 4.75196, 4.77267, 4.79384, 4.81547, 4.8376, 4.86022, 4.88337, 4.90707, 4.93132, 4.95615, 4.9816, 5.00767, 5.03439, 5.06179, 5.0899, 5.11874, 5.14836, 5.17877, 5.21001, 5.24213, 5.27516, 5.30915, 5.34413, 5.38016, 5.41728, 5.45556, 5.49504, 5.5358, 5.5779, 5.62141, 5.66642, 5.713, 5.76125, 5.81127, 5.86317, 5.91706, 5.97308, 6.03136, 6.09206, 6.15536, 6.22143, 6.29049, 6.36278, 6.43854, 6.51807, 6.6017, 6.6898, 6.78277, 6.88112, 6.98538, 7.09619, 7.21432, 7.34064, 7.47622, 7.62233, 7.78057, 7.95293, 8.1419, 8.35066, 8.58326, 8.84469, 9.14085, 9.47824, 9.86305, 10.2995, 10.7872, 11.3182, 11.8731, 12.4182, 12.9049, 13.2719, 13.4518, 13.3813, 13.0131, 12.3277, 11.3408, 10.1038, 8.69779, 7.22067, 5.77154, 4.43577, 3.27436, 2.31931, 1.5752, 1.02511, 0.638893, 0.381163, 0.217594, 0.118821, 0.0620471, 0.0309756, 0.0147801, 0.0067387, 0.00293446, 0.00121938, 0.000482312, 0.000180235, 6.16054e-05, 1.60069e-05, 3.71685e-06, 1.19663e-06, 3.67531e-07, 1.07691e-07, 3.01035e-08, 8.02794e-09, 2.04241e-09, 4.95715e-10, 1.14782e-10, 2.5355e-11, 5.34325e-12, 1.07423e-12, 2.06035e-13, 3.76995e-14, 6.58083e-15, 1.09591e-15, 1.7411e-16, 2.63889e-17, 3.81565e-18, 5.26342e-19, 6.92656e-20, 8.69597e-21, 1.04152e-21, 1.19007e-22, 1.29725e-23, 1.34904e-24, 1.33838e-25, 1.26673e-26, 1.14377e-27, 9.85248e-29, 8.09659e-30, 6.34759e-31, 4.74752e-32, 3.38746e-33, 2.30586e-34, 1.49742e-35, 9.27689e-37, 5.48293e-38, 3.09153e-39, 1.66297e-40, 8.5339e-42, 4.17792e-43, 1.95129e-44, 8.69433e-46, 3.69573e-47, 1.4987e-48, 5.79802e-50, 2.13991e-51, 7.5346e-53, 2.53091e-54, 8.11041e-56, 2.47948e-57, 7.23148e-59, 2.01208e-60, 5.34088e-62
148.76
145.39
 
MEASUREMENT 9
1.56305, 4.67879, 7.79453, 10.9103, 14.0312, 17.1469, 20.2679, 23.3784, 26.4796, 29.5859, 32.6913, 35.8071, 38.9228, 42.0385, 45.1595, 48.2752, 51.3909, 54.5067, 57.6224, 60.7381, 63.8435, 66.9593, 70.0698, 73.1752, 76.2806, 79.3859, 82.4913, 85.5967, 88.7021, 91.8074, 94.9128, 98.0182, 101.1, 104.148, 107.196, 110.244, 113.292, 116.339, 119.387, 122.435, 125.483, 128.531, 131.574, 134.622, 137.67, 140.718, 143.766, 146.814, 149.861, 152.909, 155.957, 159.005, 162.053, 165.101, 168.149, 171.197, 174.245, 177.293, 180.341, 183.389, 186.436, 189.484, 192.532, 195.58
2.2051, 2.06118, 1.96427, 2.35145, 1.9645, 2.0079, 2.50679, 2.31491, 2.13906, 2.10269, 2.32985, 2.58851, 4.09252, 2.71985, 4.23159, 2.59881, 4.36194, 2.57858, 4.61351, 2.6781, 3.64924, 2.793, 4.65402, 2.51927, 4.81105, 4.85763, 4.92031, 4.83475, 5.03481, 4.65309, 5.25135, 4.44276, 5.16333, 5.21644, 5.31338, 5.69764, 5.73998, 5.82618, 6.00156, 6.11235, 6.49637, 6.84106, 7.22507, 7.66883, 8.34237, 9.45912, 10.551, 12.2545, 9.17731, 2.61217, 0.18098, 0.0355856, 0.0194877, 0.016662, 0.0150472, 0.0165162, 0.0133649, 0.0112438, 0.0120611, 0.0132524, 0.013911, 0.0120941, 0.0156537, 0.115421
0.0661531, 0.0618353, 0.058928, 0.0705436, 0.0589351, 0.0602369, 0.0752036, 0.0694473, 0.0641719, 0.0630807, 0.0698956, 0.0776552, 0.122776, 0.0815954, 0.126948, 0.0779644, 0.130858, 0.0773573, 0.138405, 0.0803431, 0.109477, 0.0837899, 0.139621, 0.0755782, 0.144331, 0.145729, 0.147609, 0.145043, 0.151044, 0.139593, 0.15754, 0.133283, 0.1549, 0.156493, 0.159402, 0.170929, 0.172199, 0.174785, 0.180047, 0.18337, 0.194891, 0.205232, 0.216752, 0.230065, 0.250271, 0.283774, 0.316529, 0.367635, 0.275319, 0.0783652, 0.00542941, 0.00106757, 0.00058463, 0.000499861, 0.000451417, 0.000495486, 0.000400946, 0.000337314, 0.000361834, 0.000397573, 0.000417329, 0.000362822, 0.000469611, 0.00346262
0, 0.615951, 1.2319, 1.84785, 2.4638, 3.07975, 3.6957, 4.31165, 4.9276, 5.54356, 6.15951, 6.77546, 7.39141, 8.00736, 8.62331, 9.23926, 9.85521, 10.4712, 11.0871, 11.7031, 12.319, 12.935, 13.5509, 14.1669, 14.7828, 15.3988, 16.0147, 16.6307, 17.2466, 17.8626, 18.4785, 19.0945, 19.7104, 20.3264, 20.9423, 21.5583, 22.1742, 22.7902, 23.4061, 24.0221, 24.638, 25.254, 25.8699, 26.4859, 27.1018, 27.7178, 28.3337, 28.9497, 29.5656, 30.1816, 30.7975, 31.4135, 32.0294, 32.6454, 33.2613, 33.8773, 34.4932, 35.1092, 35.7251, 36.3411, 36.957, 37.573, 38.1889, 38.8049, 39.4208, 40.0368, 40.6527, 41.2687, 41.8846, 42.5006, 43.1165, 43.7325, 44.3484, 44.9644, 45.5803, 46.1963, 46.8122, 47.4282, 48.0441, 48.6601, 49.276, 49.892, 50.5079, 51.1239, 51.7399, 52.3558, 52.9718, 53.5877, 54.2037, 54.8196, 55.4356, 56.0515, 56.6675, 57.2834, 57.8994, 58.5153, 59.1313, 59.7472, 60.3632, 60.9791, 61.5951, 62.211, 62.827, 63.4429, 64.0589, 64.6748, 65.2908, 65.9067, 66.5227, 67.1386, 67.7546, 68.3705, 68.9865, 69.6024, 70.2184, 70.8343, 71.4503, 72.0662, 72.6822, 73.2981, 73.9141, 74.53, 75.146, 75.7619, 76.3779, 76.9938, 77.6098, 78.2257, 78.8417, 79.4576, 80.0736, 80.6895, 81.3055, 81.9214, 82.5374, 83.1533, 83.7693, 84.3852, 85.0012, 85.6171, 86.2331, 86.849, 87.465, 88.0809, 88.6969, 89.3128, 89.9288, 90.5447, 91.1607, 91.7766, 92.3926, 93.0085, 93.6245, 94.2404, 94.8564, 95.4723, 96.0883, 96.7042, 97.3202, 97.9361, 98.5521, 99.168, 99.784, 100.4, 101.016, 101.632, 102.248, 102.864, 103.48, 104.096, 104.712, 105.328, 105.944, 106.559, 107.175, 107.791, 108.407, 109.023, 109.639, 110.255, 110.871, 111.487, 112.103, 112.719, 113.335, 113.951, 114.567, 115.183, 115.799, 116.415, 117.031, 117.647, 118.263, 118.878, 119.494, 120.11, 120.726, 121.342, 121.958, 122.574, 123.19, 123.806, 124.422, 125.038, 125.654, 126.27, 126.886, 127.502, 128.118, 128.734, 129.35, 129.966, 130.582, 131.197, 131.813, 132.429, 133.045, 133.661, 134.277, 134.893, 135.509, 136.125, 136.741, 137.357, 137.973, 138.589, 139.205, 139.821, 140.437, 141.053, 141.669, 142.285, 142.901, 143.516, 144.132, 144.748, 145.364, 145.98, 146.596, 147.212, 147.828, 148.444, 149.06, 149.676, 150.292, 150.908, 151.524, 152.14, 152.756, 153.372, 153.988, 154.604, 155.22, 155.836, 156.451, 157.067, 157.683, 158.299, 158.915, 159.531, 160.147, 160.763, 161.379, 161.995, 162.611, 163.227, 163.843, 164.459, 165.075, 165.691, 166.307, 166.923, 167.539, 168.155, 168.77, 169.386, 170.002, 170.618, 171.234, 171.85, 172.466, 173.082, 173.698, 174.314, 174.93, 175.546, 176.162, 176.778, 177.394, 178.01, 178.626, 179.242, 179.858, 180.474, 181.089, 181.705, 182.321, 182.937, 183.553, 184.169, 184.785, 185.401, 186.017, 186.633, 187.249, 187.865, 188.481, 189.097, 189.713, 190.329, 190.945, 191.561, 192.177, 192.793, 193.408, 194.024, 194.64, 195.256, 195.872, 196.488
3.55009, 3.55243, 3.5548, 3.55719, 3.5596, 3.56204, 3.56451, 3.56699, 3.56951, 3.57205, 3.57461, 3.5772, 3.57982, 3.58246, 3.58513, 3.58782, 3.59055, 3.5933, 3.59608, 3.59888, 3.60172, 3.60458, 3.60748, 3.6104, 3.61335, 3.61634, 3.61935, 3.6224, 3.62548, 3.62858, 3.63173, 3.6349, 3.63811, 3.64135, 3.64462, 3.64793, 3.65127, 3.65465, 3.65806, 3.66151, 3.665, 3.66852, 3.67208, 3.67568, 3.67932, 3.68299, 3.68671, 3.69047, 3.69426, 3.6981, 3.70198, 3.7059, 3.70986, 3.71387, 3.71792, 3.72201, 3.72615, 3.73033, 3.73457, 3.73884, 3.74317, 3.74755, 3.75197, 3.75644, 3.76097, 3.76554, 3.77017, 3.77485, 3.77958, 3.78436, 3.78921, 3.7941, 3.79906, 3.80407, 3.80914, 3.81427, 3.81946, 3.82471, 3.83002, 3.8354, 3.84084, 3.84634, 3.85191, 3.85755, 3.86326, 3.86903, 3.87488, 3.8808, 3.88679, 3.89285, 3.89899, 3.90521, 3.9115, 3.91787, 3.92433, 3.93086, 3.93748, 3.94418, 3.95097, 3.95785, 3.96481, 3.97187, 3.97902, 3.98627, 3.99361, 4.00104, 4.00858, 4.01622, 4.02396, 4.03181, 4.03977, 4.04783, 4.05601, 4.0643, 4.0727, 4.08123, 4.08987, 4.09864, 4.10753, 4.11655, 4.12571, 4.13499, 4.14441, 4.15398, 4.16368, 4.17353, 4.18353, 4.19368, 4.20398, 4.21444, 4.22507, 4.23586, 4.24682, 4.25795, 4.26926, 4.28076, 4.29244, 4.30431, 4.31637, 4.32863, 4.3411, 4.35378, 4.36668, 4.37979, 4.39313, 4.40671, 4.42052, 4.43457, 4.44888, 4.46345, 4.47828, 4.49338, 4.50876, 4.52443, 4.5404, 4.55667, 4.57325, 4.59016, 4.6074, 4.62498, 4.64291, 4.66121, 4.67988, 4.69894, 4.7184, 4.73827, 4.75857, 4.77931, 4.80051, 4.82217, 4.84433, 4.86699, 4.89017, 4.91389, 4.93818, 4.96305, 4.98853, 5.01463, 5.04139, 5.06883, 5.09698, 5.12587, 5.15552, 5.18597, 5.21726, 5.24943, 5.2825, 5.31654, 5.35157, 5.38764, 5.42482, 5.46315, 5.50269, 5.5435, 5.58566, 5.62924, 5.6743, 5.72095, 5.76927, 5.81936, 5.87132, 5.92529, 5.98138, 6.03974, 6.10053, 6.16391, 6.23008, 6.29923, 6.37161, 6.44748, 6.52712, 6.61086, 6.69903, 6.79213, 6.8906, 6.995, 7.10596, 7.22424, 7.35071, 7.48646, 7.63275, 7.79118, 7.96373, 8.1529, 8.36189, 8.59471, 8.85638, 9.15283, 9.49058, 9.87586, 10.313, 10.8017, 11.334, 11.8907, 12.438, 12.9272, 13.2968, 13.479, 13.4096, 13.0408, 12.3521, 11.357, 10.108, 8.70273, 7.22524, 5.77505, 4.43795, 3.2753, 2.3193, 1.57458, 1.02422, 0.637983, 0.380373, 0.216983, 0.11839, 0.0617657, 0.0308043, 0.0146825, 0.00668632, 0.00290796, 0.00120672, 0.000476589, 0.000177687, 6.05927e-05, 1.55684e-05, 3.66083e-06, 1.17388e-06, 3.59837e-07, 1.05221e-07, 2.93504e-08, 7.80977e-09, 1.98233e-09, 4.79987e-10, 1.10865e-10, 2.44273e-11, 5.13416e-12, 1.02938e-12, 1.96879e-13, 3.59198e-14, 6.25148e-15, 1.03788e-15, 1.6437e-16, 2.48321e-17, 3.57863e-18, 4.91966e-19, 6.45159e-20, 8.07071e-21, 9.63099e-22, 1.09634e-22, 1.1905e-23, 1.23319e-24, 1.21855e-25, 1.1486e-26, 1.03279e-27, 8.85862e-29, 7.24827e-30, 5.65739e-31, 4.21222e-32, 2.99171e-33, 2.02695e-34, 1.31002e-35, 8.07659e-37, 4.74998e-38, 2.66482e-39, 1.42613e-40, 7.28051e-42, 3.54551e-43, 1.64706e-44, 7.29883e-46, 3.0854e-47, 1.24418e-48, 4.78593e-50, 1.75616e-51, 6.14717e-53, 2.05258e-54, 6.53789e-56, 1.9865e-57, 5.75777e-59, 1.59196e-60, 4.19878e-62
3.55009, 3.55243, 3.5548, 3.55719, 3.5596, 3.56204, 3.56451, 3.56699, 3.56951, 3.57205, 3.57461, 3.5772, 3.57981, 3.58246, 3.58512, 3.58782, 3.59054, 3.59329, 3.59607, 3.59888, 3.60172, 3.60458, 3.60747, 3.6104, 3.61335, 3.61633, 3.61935, 3.62239, 3.62547, 3.62858, 3.63172, 3.63489, 3.6381, 3.64134, 3.64462, 3.64792, 3.65127, 3.65464, 3.65806, 3.66151, 3.66499, 3.66852, 3.67208, 3.67568, 3.67931, 3.68299, 3.6867, 3.69046, 3.69425, 3.69809, 3.70197, 3.70589, 3.70985, 3.71386, 3.71791, 3.722, 3.72614, 3.73033, 3.73456, 3.73884, 3.74316, 3.74754, 3.75196, 3.75643, 3.76095, 3.76553, 3.77016, 3.77483, 3.77957, 3.78435, 3.78919, 3.79409, 3.79905, 3.80406, 3.80913, 3.81426, 3.81944, 3.82469, 3.83001, 3.83538, 3.84082, 3.84633, 3.8519, 3.85753, 3.86324, 3.86902, 3.87486, 3.88078, 3.88677, 3.89283, 3.89897, 3.90519, 3.91148, 3.91785, 3.92431, 3.93084, 3.93746, 3.94416, 3.95095, 3.95783, 3.96479, 3.97185, 3.979, 3.98624, 3.99358, 4.00102, 4.00856, 4.0162, 4.02394, 4.03179, 4.03974, 4.0478, 4.05598, 4.06427, 4.07267, 4.0812, 4.08984, 4.09861, 4.1075, 4.11652, 4.12567, 4.13496, 4.14438, 4.15394, 4.16365, 4.17349, 4.18349, 4.19364, 4.20394, 4.2144, 4.22503, 4.23582, 4.24678, 4.25791, 4.26922, 4.28071, 4.29239, 4.30426, 4.31632, 4.32859, 4.34106, 4.35373, 4.36663, 4.37974, 4.39308, 4.40665, 4.42046, 4.43452, 4.44883, 4.46339, 4.47822, 4.49332, 4.5087, 4.52437, 4.54033, 4.5566, 4.57318, 4.59009, 4.60733, 4.6249, 4.64284, 4.66113, 4.6798, 4.69886, 4.71832, 4.73819, 4.75849, 4.77922, 4.80042, 4.82208, 4.84423, 4.86689, 4.89007, 4.91379, 4.93808, 4.96294, 4.98842, 5.01452, 5.04128, 5.06872, 5.09686, 5.12574, 5.15539, 5.18584, 5.21713, 5.24929, 5.28236, 5.31639, 5.35141, 5.38748, 5.42466, 5.46298, 5.50251, 5.54332, 5.58548, 5.62904, 5.6741, 5.72074, 5.76905, 5.81913, 5.87109, 5.92505, 5.98113, 6.03948, 6.10026, 6.16363, 6.22978, 6.29892, 6.37129, 6.44714, 6.52676, 6.61048, 6.69867, 6.79175, 6.8902, 6.99457, 7.1055, 7.22374, 7.35019, 7.48589, 7.63214, 7.79052, 7.963, 8.15211, 8.36101, 8.59374, 8.85529, 9.1516, 9.48918, 9.87424, 10.3111, 10.7995, 11.3315, 11.8877, 12.4346, 12.9235, 13.2929, 13.4751, 13.4065, 13.0393, 12.3539, 11.3656, 10.1261, 8.71668, 7.23565, 5.78257, 4.44321, 3.27884, 2.3216, 1.57602, 1.02509, 0.638487, 0.380654, 0.217134, 0.118467, 0.0618035, 0.0308222, 0.0146905, 0.0066898, 0.0029094, 0.00120729, 0.000476794, 0.000177844, 6.06105e-05, 1.55683e-05, 3.65329e-06, 1.17396e-06, 3.59862e-07, 1.05228e-07, 2.93524e-08, 7.81031e-09, 1.98247e-09, 4.8002e-10, 1.10873e-10, 2.4429e-11, 5.13451e-12, 1.02945e-12, 1.96892e-13, 3.59222e-14, 6.25191e-15, 1.03795e-15, 1.64381e-16, 2.48337e-17, 3.57887e-18, 4.91999e-19, 6.45202e-20, 8.07125e-21, 9.63163e-22, 1.09641e-22, 1.19058e-23, 1.23327e-24, 1.21863e-25, 1.14868e-26, 1.03286e-27, 8.8592e-29, 7.24874e-30, 5.65775e-31, 4.21249e-32, 2.99191e-33, 2.02708e-34, 1.31011e-35, 8.07711e-37, 4.75028e-38, 2.66499e-39, 1.42622e-40, 7.28097e-42, 3.54573e-43, 1.64716e-44, 7.29929e-46, 3.08559e-47, 1.24425e-48, 4.78623e-50, 1.75627e-51, 6.14755e-53, 2.05271e-54, 6.5383e-56, 1.98663e-57, 5.75812e-59, 1.59206e-60, 4.19904e-62
148.77
145.39
 
MEASUREMENT 10
1.56305, 4.67879, 7.79453, 10.9103, 14.0312, 17.1469, 20.2679, 23.3784, 26.4796, 29.5859, 32.6913, 35.8071, 38.9228, 42.0385, 45.1595, 48.2752, 51.3909, 54.5067, 57.6224, 60.7381, 63.8435, 66.9593, 70.0698, 73.1752, 76.2806, 79.3859, 82.4913, 85.5967, 88.7021, 91.8074, 94.9128, 98.0182, 101.1, 104.148, 107.196, 110.244, 113.292, 116.339, 119.387, 122.435, 125.483, 128.531, 131.574, 134.622, 137.67, 140.718, 143.766, 146.814, 149.861, 152.909, 155.957, 159.005, 162.053, 165.101, 168.149, 171.197, 174.245, 177.293, 180.341, 183.389, 186.436, 189.484, 192.532, 195.58
2.20679, 2.06366, 1.96575, 2.35319, 1.96492, 2.00995, 2.5087, 2.31674, 2.14193, 2.10358, 2.33211, 2.59124, 4.09666, 2.72202, 4.23575, 2.60077, 4.36617, 2.58036, 4.61834, 2.68099, 3.65239, 2.79557, 4.65871, 2.52086, 4.81615, 4.86261, 4.92563, 4.83954, 5.04006, 4.65725, 5.25684, 4.44531, 5.16821, 5.22171, 5.31892, 5.70343, 5.7461, 5.83251, 6.00829, 6.11931, 6.50277, 6.8492, 7.233, 7.67868, 8.35301, 9.47266, 10.5674, 12.2765, 9.19154, 2.61404, 0.180907, 0.035765, 0.019426, 0.0167489, 0.015163, 0.0165156, 0.0133635, 0.011412, 0.0120041, 0.0133549, 0.0139526, 0.0122072, 0.0156382, 0.115764
0.0662036, 0.0619099, 0.0589724, 0.0705958, 0.0589476, 0.0602985, 0.0752611, 0.0695022, 0.064258, 0.0631073, 0.0699632, 0.0777371, 0.1229, 0.0816605, 0.127073, 0.078023, 0.130985, 0.0774108, 0.13855, 0.0804298, 0.109572, 0.083867, 0.139761, 0.0756257, 0.144485, 0.145878, 0.147769, 0.145186, 0.151202, 0.139718, 0.157705, 0.133359, 0.155046, 0.156651, 0.159568, 0.171103, 0.172383, 0.174975, 0.180249, 0.183579, 0.195083, 0.205476, 0.21699, 0.23036, 0.25059, 0.28418, 0.317022, 0.368294, 0.275746, 0.0784212, 0.00542722, 0.00107295, 0.000582779, 0.000502468, 0.00045489, 0.000495468, 0.000400906, 0.000342361, 0.000360124, 0.000400647, 0.000418578, 0.000366217, 0.000469145, 0.00347293
0, 0.615951, 1.2319, 1.84785, 2.4638, 3.07975, 3.6957, 4.31165, 4.9276, 5.54356, 6.15951, 6.77546, 7.39141, 8.00736, 8.62331, 9.23926, 9.85521, 10.4712, 11.0871, 11.7031, 12.319, 12.935, 13.5509, 14.1669, 14.7828, 15.3988, 16.0147, 16.6307, 17.2466, 17.8626, 18.4785, 19.0945, 19.7104, 20.3264, 20.9423, 21.5583, 22.1742, 22.7902, 23.4061, 24.0221, 24.638, 25.254, 25.8699, 26.4859, 27.1018, 27.7178, 28.3337, 28.9497, 29.5656, 30.1816, 30.7975, 31.4135, 32.0294, 32.6454, 33.2613, 33.8773, 34.4932, 35.1092, 35.7251, 36.3411, 36.957, 37.573, 38.1889, 38.8049, 39.4208, 40.0368, 40.6527, 41.2687, 41.8846, 42.5006, 43.1165, 43.7325, 44.3484, 44.9644, 45.5803, 46.1963, 46.8122, 47.4282, 48.0441, 48.6601, 49.276, 49.892, 50.5079, 51.1239, 51.7399, 52.3558, 52.9718, 53.5877, 54.2037, 54.8196, 55.4356, 56.0515, 56.6675, 57.2834, 57.8994, 58.5153, 59.1313, 59.7472, 60.3632, 60.9791, 61.5951, 62.211, 62.827, 63.4429, 64.0589, 64.6748, 65.2908, 65.9067, 66.5227, 67.1386, 67.7546, 68.3705, 68.9865, 69.6024, 70.2184, 70.8343, 71.4503, 72.0662, 72.6822, 73.2981, 73.9141, 74.53, 75.146, 75.7619, 76.3779, 76.9938, 77.6098, 78.2257, 78.8417, 79.4576, 80.0736, 80.6895, 81.3055, 81.9214, 82.5374, 83.1533, 83.7693, 84.3852, 85.0012, 85.6171, 86.2331, 86.849, 87.465, 88.0809, 88.6969, 89.3128, 89.9288, 90.5447, 91.1607, 91.7766, 92.3926, 93.0085, 93.6245, 94.2404, 94.8564, 95.4723, 96.0883, 96.7042, 97.3202, 97.9361, 98.5521, 99.168, 99.784, 100.4, 101.016, 101.632, 102.248, 102.864, 103.48, 104.096, 104.712, 105.328, 105.944, 106.559, 107.175, 107.791, 108.407, 109.023, 109.639, 110.255, 110.871, 111.487, 112.103, 112.719, 113.335, 113.951, 114.567, 115.183, 115.799, 116.415, 117.031, 117.647, 118.263, 118.878, 119.494, 120.11, 120.726, 121.342, 121.958, 122.574, 123.19, 123.806, 124.422, 125.038, 125.654, 126.27, 126.886, 127.502, 128.118, 128.734, 129.35, 129.966, 130.582, 131.197, 131.813, 132.429, 133.045, 133.661, 134.277, 134.893, 135.509, 136.125, 136.741, 137.357, 137.973, 138.589, 139.205, 139.821, 140.437, 141.053, 141.669, 142.285, 142.901, 143.516, 144.132, 144.748, 145.364, 145.98, 146.596, 147.212, 147.828, 148.444, 149.06, 149.676, 150.292, 150.908, 151.524, 152.14, 152.756, 153.372, 153.988, 154.604, 155.22, 155.836, 156.451, 157.067, 157.683, 158.299, 158.915, 159.531, 160.147, 160.763, 161.379, 161.995, 162.611, 163.227, 163.843, 164.459, 165.075, 165.691, 166.307, 166.923, 167.539, 168.155, 168.77, 169.386, 170.002, 170.618, 171.234, 171.85, 172.466, 173.082, 173.698, 174.314, 174.93, 175.546, 176.162, 176.778, 177.394, 178.01, 178.626, 179.242, 179.858, 180.474, 181.089, 181.705, 182.321, 182.937, 183.553, 184.169, 184.785, 185.401, 186.017, 186.633, 187.249, 187.865, 188.481, 189.097, 189.713, 190.329, 190.945, 191.561, 192.177, 192.793, 193.408, 194.024, 194.64, 195.256, 195.872, 196.488
3.55498, 3.55733, 3.5597, 3.56209, 3.56451, 3.56695, 3.56942, 3.57191, 3.57443, 3.57697, 3.57954, 3.58213, 3.58475, 3.58739, 3.59007, 3.59277, 3.59549, 3.59825, 3.60103, 3.60384, 3.60668, 3.60955, 3.61245, 3.61537, 3.61833, 3.62132, 3.62434, 3.62739, 3.63047, 3.63358, 3.63673, 3.63991, 3.64312, 3.64636, 3.64964, 3.65295, 3.6563, 3.65968, 3.6631, 3.66656, 3.67005, 3.67358, 3.67714, 3.68074, 3.68439, 3.68807, 3.69179, 3.69555, 3.69935, 3.70319, 3.70707, 3.711, 3.71497, 3.71898, 3.72303, 3.72713, 3.73128, 3.73547, 3.73971, 3.74399, 3.74832, 3.7527, 3.75713, 3.76161, 3.76614, 3.77072, 3.77535, 3.78004, 3.78478, 3.78957, 3.79442, 3.79932, 3.80429, 3.8093, 3.81438, 3.81952, 3.82471, 3.82997, 3.83529, 3.84067, 3.84612, 3.85163, 3.85721, 3.86286, 3.86857, 3.87435, 3.88021, 3.88613, 3.89213, 3.8982, 3.90435, 3.91057, 3.91688, 3.92326, 3.92972, 3.93626, 3.94289, 3.9496, 3.9564, 3.96329, 3.97026, 3.97733, 3.98449, 3.99174, 3.99909, 4.00654, 4.01409, 4.02174, 4.02949, 4.03735, 4.04532, 4.05339, 4.06158, 4.06988, 4.0783, 4.08683, 4.09549, 4.10427, 4.11317, 4.12221, 4.13137, 4.14067, 4.1501, 4.15968, 4.16939, 4.17926, 4.18927, 4.19943, 4.20975, 4.22022, 4.23086, 4.24167, 4.25264, 4.26379, 4.27512, 4.28663, 4.29832, 4.31021, 4.32229, 4.33457, 4.34705, 4.35975, 4.37266, 4.38579, 4.39915, 4.41274, 4.42657, 4.44065, 4.45497, 4.46956, 4.48441, 4.49953, 4.51493, 4.53062, 4.54661, 4.5629, 4.5795, 4.59643, 4.61369, 4.6313, 4.64925, 4.66758, 4.68627, 4.70536, 4.72484, 4.74474, 4.76507, 4.78583, 4.80706, 4.82875, 4.85093, 4.87362, 4.89683, 4.92059, 4.94491, 4.96981, 4.99532, 5.02146, 5.04825, 5.07573, 5.10391, 5.13283, 5.16253, 5.19302, 5.22435, 5.25655, 5.28967, 5.32375, 5.35882, 5.39494, 5.43217, 5.47054, 5.51013, 5.551, 5.59321, 5.63684, 5.68196, 5.72867, 5.77704, 5.82719, 5.87922, 5.93326, 5.98942, 6.04785, 6.10871, 6.17217, 6.23841, 6.30765, 6.38011, 6.45607, 6.5358, 6.61964, 6.7079, 6.80111, 6.89969, 7.0042, 7.11528, 7.23368, 7.36029, 7.49617, 7.6426, 7.80117, 7.97387, 8.16319, 8.37233, 8.60531, 8.86714, 9.16377, 9.50173, 9.88731, 10.3248, 10.8142, 11.3475, 11.9054, 12.4544, 12.9456, 13.3174, 13.5015, 13.4338, 13.0658, 12.377, 11.3805, 10.1291, 8.72065, 7.23953, 5.78567, 4.44523, 3.27981, 2.32173, 1.57561, 1.02442, 0.637768, 0.380017, 0.216635, 0.118112, 0.0615707, 0.0306799, 0.0146092, 0.0066461, 0.00288727, 0.0011967, 0.000472009, 0.000175701, 5.97636e-05, 1.51991e-05, 3.60783e-06, 1.15502e-06, 3.53462e-07, 1.03175e-07, 2.87272e-08, 7.62941e-09, 1.93273e-09, 4.67018e-10, 1.07641e-10, 2.36649e-11, 4.96265e-12, 9.92667e-13, 1.89398e-13, 3.44692e-14, 5.98367e-15, 9.908e-16, 1.5649e-16, 2.35759e-17, 3.38792e-18, 4.64386e-19, 6.07166e-20, 7.57212e-21, 9.0076e-22, 1.02208e-22, 1.10621e-23, 1.14203e-24, 1.12459e-25, 1.05632e-26, 9.46412e-28, 8.08807e-29, 6.59313e-30, 5.12649e-31, 3.80216e-32, 2.68982e-33, 1.81508e-34, 1.16829e-35, 7.17281e-37, 4.20057e-38, 2.34644e-39, 1.25023e-40, 6.35413e-42, 3.08036e-43, 1.42439e-44, 6.28259e-46, 2.6432e-47, 1.06072e-48, 4.06028e-50, 1.48249e-51, 5.16308e-53, 1.71517e-54, 5.43486e-56, 1.64267e-57, 4.73581e-59, 1.30232e-60, 3.41606e-62
3.55498, 3.55733, 3.5597, 3.56209, 3.56451, 3.56695, 3.56942, 3.57191, 3.57443, 3.57697, 3.57953, 3.58213, 3.58475, 3.58739, 3.59006, 3.59276, 3.59549, 3.59825, 3.60103, 3.60384, 3.60668, 3.60955, 3.61244, 3.61537, 3.61833, 3.62132, 3.62433, 3.62738, 3.63047, 3.63358, 3.63672, 3.6399, 3.64311, 3.64636, 3.64964, 3.65295, 3.6563, 3.65968, 3.6631, 3.66655, 3.67004, 3.67357, 3.67713, 3.68074, 3.68438, 3.68806, 3.69178, 3.69554, 3.69934, 3.70318, 3.70707, 3.71099, 3.71496, 3.71897, 3.72303, 3.72713, 3.73127, 3.73546, 3.7397, 3.74398, 3.74831, 3.75269, 3.75712, 3.7616, 3.76613, 3.77071, 3.77534, 3.78003, 3.78477, 3.78956, 3.79441, 3.79931, 3.80427, 3.80929, 3.81437, 3.8195, 3.8247, 3.82996, 3.83528, 3.84066, 3.84611, 3.85162, 3.8572, 3.86284, 3.86855, 3.87434, 3.88019, 3.88611, 3.89211, 3.89818, 3.90433, 3.91056, 3.91686, 3.92324, 3.9297, 3.93624, 3.94287, 3.94958, 3.95638, 3.96327, 3.97024, 3.97731, 3.98447, 3.99172, 3.99907, 4.00652, 4.01407, 4.02171, 4.02947, 4.03732, 4.04529, 4.05336, 4.06155, 4.06985, 4.07827, 4.0868, 4.09546, 4.10424, 4.11314, 4.12217, 4.13134, 4.14064, 4.15007, 4.15964, 4.16936, 4.17922, 4.18923, 4.19939, 4.20971, 4.22019, 4.23082, 4.24163, 4.2526, 4.26375, 4.27508, 4.28658, 4.29828, 4.31016, 4.32224, 4.33452, 4.347, 4.3597, 4.37261, 4.38574, 4.3991, 4.41269, 4.42652, 4.44059, 4.45492, 4.4695, 4.48435, 4.49947, 4.51487, 4.53056, 4.54654, 4.56283, 4.57944, 4.59636, 4.61362, 4.63123, 4.64918, 4.6675, 4.6862, 4.70528, 4.72476, 4.74466, 4.76498, 4.78575, 4.80697, 4.82866, 4.85084, 4.87353, 4.89674, 4.92049, 4.9448, 4.9697, 4.99521, 5.02135, 5.04814, 5.07561, 5.10379, 5.13271, 5.1624, 5.19289, 5.22421, 5.25641, 5.28953, 5.3236, 5.35867, 5.39479, 5.432, 5.47038, 5.50996, 5.55082, 5.59302, 5.63665, 5.68176, 5.72846, 5.77683, 5.82697, 5.87899, 5.93302, 5.98917, 6.04759, 6.10844, 6.17188, 6.23811, 6.30733, 6.37979, 6.45572, 6.53544, 6.61926, 6.70755, 6.80073, 6.89929, 7.00377, 7.11482, 7.23319, 7.35976, 7.4956, 7.64199, 7.80051, 7.97314, 8.1624, 8.37145, 8.60433, 8.86605, 9.16254, 9.50033, 9.88569, 10.323, 10.812, 11.3449, 11.9025, 12.451, 12.9419, 13.3134, 13.4977, 13.4306, 13.0643, 12.3787, 11.3891, 10.1472, 8.73462, 7.24995, 5.7932, 4.45049, 3.28335, 2.32404, 1.57705, 1.02529, 0.638272, 0.380297, 0.216785, 0.118189, 0.0616084, 0.0306977, 0.0146172, 0.00664956, 0.0028887, 0.00119726, 0.000472211, 0.000175855, 5.97811e-05, 1.51959e-05, 3.6004e-06, 1.1551e-06, 3.53486e-07, 1.03183e-07, 2.87292e-08, 7.62994e-09, 1.93286e-09, 4.6705e-10, 1.07649e-10, 2.36665e-11, 4.96299e-12, 9.92735e-13, 1.89411e-13, 3.44715e-14, 5.98407e-15, 9.90866e-16, 1.565e-16, 2.35775e-17, 3.38815e-18, 4.64417e-19, 6.07206e-20, 7.57262e-21, 9.0082e-22, 1.02214e-22, 1.10629e-23, 1.1421e-24, 1.12467e-25, 1.05639e-26, 9.46474e-28, 8.0886e-29, 6.59356e-30, 5.12682e-31, 3.80241e-32, 2.68999e-33, 1.8152e-34, 1.16837e-35, 7.17327e-37, 4.20084e-38, 2.34659e-39, 1.25031e-40, 6.35453e-42, 3.08056e-43, 1.42448e-44, 6.28298e-46, 2.64336e-47, 1.06079e-48, 4.06053e-50, 1.48258e-51, 5.1634e-53, 1.71528e-54, 5.43519e-56, 1.64277e-57, 4.7361e-59, 1.3024e-60, 3.41627e-62
148.77
145.40
 
