UCL QuARC  
HEADERLINES: 13
Facility: Clatterbridge
Room: Research Room
Date: 2023-05-18
Time: 16:26:59
Energy: 60
Intensity: 
Folder: 20230518
Original data file: Run023.txt
Data type: Fitted
Fit rate: 25Hz
 
MEASUREMENT 1: SOBP AVERAGE
1.4716, 4.41481, 7.36319, 10.3064, 13.2548, 16.2031, 19.1774, 22.1309, 25.0793, 28.0277, 30.9502, 33.8934
2.25944, 2.38377, 2.6271, 2.62196, 2.61259, 2.44011, 2.41231, 2.27072, 1.12479, 0.00536124, -0.000913147, -0.00159553
0.00293815, 0.00299496, 0.003121, 0.00357591, 0.00472463, 0.0056519, 0.00697714, 0.00841175, 0.00556928, 0.000403126, 0.000342833, 0.000373855
0, 0.589331, 1.17866, 1.76799, 2.35732, 2.94665, 3.53598, 4.12532, 4.71465, 5.30398, 5.89331, 6.48264, 7.07197, 7.6613, 8.25063, 8.83996, 9.42929, 10.0186, 10.608, 11.1973, 11.7866, 12.3759, 12.9653, 13.5546, 14.1439, 14.7333, 15.3226, 15.9119, 16.5013, 17.0906, 17.6799, 18.2693, 18.8586, 19.4479, 20.0372, 20.6266, 21.2159, 21.8052, 22.3946, 22.9839, 23.5732, 24.1626, 24.7519, 25.3412, 25.9306, 26.5199, 27.1092, 27.6985, 28.2879, 28.8772, 29.4665, 30.0559, 30.6452, 31.2345, 31.8239, 32.4132, 33.0025, 33.5919, 34.1812, 34.7705
2.15888, 2.18444, 2.21156, 2.24046, 2.2714, 2.30471, 2.34084, 2.38042, 2.4244, 2.47438, 2.53216, 2.59384, 2.64471, 2.673, 2.67757, 2.6699, 2.65942, 2.64839, 2.63704, 2.62523, 2.61298, 2.6003, 2.58701, 2.57316, 2.55868, 2.54339, 2.52732, 2.5103, 2.49214, 2.47282, 2.452, 2.42945, 2.40496, 2.37792, 2.34784, 2.31401, 2.27505, 2.22934, 2.17394, 2.10289, 2.00233, 1.83422, 1.52151, 0.990991, 0.397834, 0.0787466, 0.00678002, 0.000239413, 2.95102e-06, 5.24759e-09, 1.27902e-11, 1.19371e-14, 4.26591e-18, 5.83738e-22, 3.05856e-26, 6.1363e-31, 4.71399e-36, 1.38663e-41, 1.5618e-47, 6.73568e-54
2.15888, 2.18896, 2.22109, 2.25559, 2.29284, 2.33335, 2.37783, 2.42734, 2.48357, 2.54982, 2.63231, 2.7318, 2.82637, 2.89154, 2.91765, 2.92014, 2.91703, 2.91348, 2.90997, 2.9063, 2.90273, 2.89913, 2.89541, 2.8918, 2.88809, 2.88428, 2.88059, 2.87672, 2.87281, 2.86895, 2.86484, 2.86072, 2.85655, 2.85201, 2.84741, 2.8425, 2.83692, 2.83084, 2.8233, 2.81247, 2.78976, 2.71057, 2.44464, 1.77401, 0.796766, 0.173744, 0.0161891, 0.00061039, 8.43156e-06, 2.43691e-08, 5.96741e-11, 5.59545e-14, 2.009e-17, 2.76196e-21, 1.45395e-25, 2.93069e-30, 2.26196e-35, 6.68482e-41, 7.56458e-47, 3.27771e-53
25.4903
51.74
 
