UCL QuARC  
HEADERLINES: 13
Facility: Clatterbridge
Room: Research Room
Date: 2023-05-18
Time: 16:17:04
Energy: 60
Intensity: 
Folder: 20230518
Original data file: Run022.txt
Data type: Fitted
Fit rate: 25Hz
 
MEASUREMENT 1: SOBP AVERAGE
1.4716, 4.41481, 7.36319, 10.3064, 13.2548, 16.2031, 19.1774, 22.1309, 25.0793, 28.0277, 30.9502, 33.8934
2.25833, 2.21448, 2.23233, 2.22816, 2.22737, 2.09279, 2.11688, 2.08685, 1.95601, 1.89226, 0.825488, 0.00201775
0.00316691, 0.00364913, 0.00428976, 0.00489453, 0.0055483, 0.00585373, 0.00668332, 0.00744834, 0.00801317, 0.00925291, 0.00501732, 0.00037413
0, 0.589331, 1.17866, 1.76799, 2.35732, 2.94665, 3.53598, 4.12532, 4.71465, 5.30398, 5.89331, 6.48264, 7.07197, 7.6613, 8.25063, 8.83996, 9.42929, 10.0186, 10.608, 11.1973, 11.7866, 12.3759, 12.9653, 13.5546, 14.1439, 14.7333, 15.3226, 15.9119, 16.5013, 17.0906, 17.6799, 18.2693, 18.8586, 19.4479, 20.0372, 20.6266, 21.2159, 21.8052, 22.3946, 22.9839, 23.5732, 24.1626, 24.7519, 25.3412, 25.9306, 26.5199, 27.1092, 27.6985, 28.2879, 28.8772, 29.4665, 30.0559, 30.6452, 31.2345, 31.8239, 32.4132, 33.0025, 33.5919, 34.1812, 34.7705
2.07824, 2.09853, 2.11997, 2.14271, 2.16693, 2.19288, 2.22088, 2.25136, 2.285, 2.32289, 2.3672, 2.4247, 2.44701, 2.42871, 2.41176, 2.42716, 2.40503, 2.38666, 2.36883, 2.38022, 2.35996, 2.34064, 2.35464, 2.33137, 2.31019, 2.28927, 2.30057, 2.27694, 2.25381, 2.2673, 2.24015, 2.21417, 2.23284, 2.1988, 2.16895, 2.13884, 2.15144, 2.11601, 2.08039, 2.0963, 2.05169, 2.00769, 1.96086, 1.96918, 1.91089, 1.84683, 1.85338, 1.76509, 1.66053, 1.66069, 1.46675, 1.13033, 0, 0, 0, 0, 0, 0, 0, 0
2.07824, 2.10425, 2.13201, 2.16177, 2.19389, 2.22882, 2.26722, 2.31002, 2.35875, 2.41615, 2.48855, 2.6044, 2.71708, 2.65674, 2.62635, 2.86945, 2.66313, 2.62513, 2.59827, 2.67939, 2.62636, 2.59493, 2.73113, 2.63169, 2.59317, 2.5642, 2.64491, 2.59383, 2.55991, 2.67878, 2.59844, 2.55714, 2.88137, 2.61036, 2.55674, 2.51767, 2.63879, 2.56042, 2.51205, 2.7273, 2.57191, 2.50807, 2.4564, 2.60133, 2.50737, 2.4374, 2.68818, 2.51467, 2.40436, 3.33178, 2.55499, 2.23257, 0, 0, 0, 0, 0, 0, 0, 0
30.4712
58.12
 
