UCL QuARC  
HEADERLINES: 13
Facility: Clatterbridge
Room: Research Room
Date: 2023-05-18
Time: 16:12:00
Energy: 60
Intensity: 
Folder: 20230518
Original data file: Run021.txt
Data type: Fitted
Fit rate: 1Hz
 
MEASUREMENT 1: SOBP AVERAGE
1.4716, 4.41481, 7.36319, 10.3064, 13.2548, 16.2031, 19.1774, 22.1309, 25.0793, 28.0277, 30.9502, 33.8934
2.3994, 2.36131, 2.38532, 2.38044, 2.3605, 2.24332, 2.27833, 2.25827, 2.11676, 1.64027, 0.0139198, -0.000992424
0.00440974, 0.00485317, 0.00549903, 0.00612397, 0.0067386, 0.00713717, 0.00808717, 0.00903392, 0.00985105, 0.00942497, 0.000357195, 0.0003738
0, 0.589331, 1.17866, 1.76799, 2.35732, 2.94665, 3.53598, 4.12532, 4.71465, 5.30398, 5.89331, 6.48264, 7.07197, 7.6613, 8.25063, 8.83996, 9.42929, 10.0186, 10.608, 11.1973, 11.7866, 12.3759, 12.9653, 13.5546, 14.1439, 14.7333, 15.3226, 15.9119, 16.5013, 17.0906, 17.6799, 18.2693, 18.8586, 19.4479, 20.0372, 20.6266, 21.2159, 21.8052, 22.3946, 22.9839, 23.5732, 24.1626, 24.7519, 25.3412, 25.9306, 26.5199, 27.1092, 27.6985, 28.2879, 28.8772, 29.4665, 30.0559, 30.6452, 31.2345, 31.8239, 32.4132, 33.0025, 33.5919, 34.1812, 34.7705
2.33527, 2.3965, 2.41593, 2.41381, 2.4099, 2.40594, 2.40194, 2.39791, 2.39383, 2.38971, 2.38555, 2.38134, 2.37707, 2.37275, 2.36838, 2.36394, 2.35943, 2.35486, 2.3502, 2.34546, 2.34064, 2.33571, 2.33068, 2.32554, 2.32027, 2.31486, 2.30931, 2.30359, 2.29768, 2.29158, 2.28523, 2.27864, 2.27175, 2.26453, 2.25693, 2.24888, 2.24031, 2.23113, 2.22121, 2.21038, 2.19844, 2.18507, 2.16982, 2.15204, 2.13061, 2.10358, 2.06689, 2.0086, 1.84705, 1.16991, 0.226899, 0.00648913, 1.93324e-05, 2.8632e-09, 8.44048e-14, 2.15556e-19, 4.7658e-26, 9.12046e-34, 1.51071e-42, 2.16578e-52
2.33527, 2.41413, 2.44354, 2.44339, 2.44061, 2.43781, 2.43498, 2.43216, 2.42935, 2.42653, 2.42372, 2.42089, 2.41807, 2.41524, 2.41241, 2.40958, 2.40674, 2.4039, 2.40105, 2.39823, 2.39534, 2.39247, 2.3896, 2.38672, 2.38383, 2.38093, 2.37802, 2.3751, 2.37217, 2.36922, 2.36625, 2.36327, 2.36027, 2.35724, 2.35419, 2.3511, 2.34798, 2.3448, 2.34158, 2.33828, 2.3349, 2.33141, 2.32776, 2.32389, 2.31967, 2.31488, 2.30888, 2.29836, 2.21734, 1.53095, 0.325981, 0.0100469, 3.18998e-05, 5.96446e-09, 1.77499e-13, 4.57613e-19, 1.02134e-25, 1.97304e-33, 3.29884e-42, 4.77344e-52
29.0299
56.67
 
