UCL QuARC  
HEADERLINES: 13
Facility: Clatterbridge
Room: Research Room
Date: 2023-05-18
Time: 15:36:39
Energy: 60
Intensity: 
Folder: 20230518
Original data file: Run012.txt
Data type: Fitted
Fit rate: 25Hz
 
MEASUREMENT 0
1.4716, 4.41481, 7.36319, 10.3064, 13.2548, 16.2031, 19.1774, 22.1309, 25.0793, 28.0277, 30.9502, 33.8934
1.9645, 2.00684, 2.10552, 2.28644, 2.57935, 2.88818, 3.9775, 1.71107, 0.00375769, -0.00231891, -0.0015803, -0.00202766
0.00210827, 0.00200825, 0.00263278, 0.003309, 0.00342342, 0.00337702, 0.00380428, 0.00161768, 0.000411667, 0.000422416, 0.000368404, 0.000397576
0, 0.589331, 1.17866, 1.76799, 2.35732, 2.94665, 3.53598, 4.12532, 4.71465, 5.30398, 5.89331, 6.48264, 7.07197, 7.6613, 8.25063, 8.83996, 9.42929, 10.0186, 10.608, 11.1973, 11.7866, 12.3759, 12.9653, 13.5546, 14.1439, 14.7333, 15.3226, 15.9119, 16.5013, 17.0906, 17.6799, 18.2693, 18.8586, 19.4479, 20.0372, 20.6266, 21.2159, 21.8052, 22.3946, 22.9839, 23.5732, 24.1626, 24.7519, 25.3412, 25.9306, 26.5199, 27.1092, 27.6985, 28.2879, 28.8772, 29.4665, 30.0559, 30.6452, 31.2345, 31.8239, 32.4132, 33.0025, 33.5919, 34.1812, 34.7705
1.87124, 1.88793, 1.90528, 1.92334, 1.94217, 1.96182, 1.98234, 2.00382, 2.02631, 2.04991, 2.07471, 2.10081, 2.12834, 2.15743, 2.18824, 2.22094, 2.25574, 2.29288, 2.33265, 2.37537, 2.42144, 2.47134, 2.52564, 2.58507, 2.65051, 2.72311, 2.80435, 2.8962, 3.00132, 3.12354, 3.26846, 3.44488, 3.66778, 3.96605, 4.40638, 5.01495, 4.50393, 1.70076, 0.167622, 0.00350666, 1.24283e-05, 3.35734e-09, 5.50017e-13, 1.60709e-17, 8.3751e-23, 7.78435e-29, 1.29044e-35, 3.81536e-43, 2.01194e-51, 1.89223e-60, 3.17404e-70, 9.49578e-81, 5.06672e-92, 4.8217e-104, 8.18369e-117, 2.47727e-130, 1.33743e-144, 1.28778e-159, 2.21149e-175, 6.77328e-192
1.87124, 1.89095, 1.91151, 1.93299, 1.95545, 1.97897, 2.00363, 2.02954, 2.05678, 2.08549, 2.11579, 2.14784, 2.18181, 2.2179, 2.25634, 2.29739, 2.34136, 2.38861, 2.43958, 2.49477, 2.5548, 2.62044, 2.69261, 2.77249, 2.86156, 2.96176, 3.07565, 3.20672, 3.35987, 3.54227, 3.76493, 4.04592, 4.41793, 4.94989, 5.8385, 7.62404, 8.61857, 4.00048, 0.457317, 0.0106669, 4.39638e-05, 1.94938e-08, 3.2172e-12, 9.4699e-17, 4.97162e-22, 4.65515e-28, 7.77413e-35, 2.31552e-42, 1.23005e-50, 1.1654e-59, 1.96925e-69, 5.93471e-80, 3.18983e-91, 3.05776e-103, 5.22765e-116, 1.59395e-129, 8.66771e-144, 8.4061e-159, 1.45393e-174, 4.48486e-191
21.4879
46.23
 
MEASUREMENT 1
1.4716, 4.41481, 7.36319, 10.3064, 13.2548, 16.2031, 19.1774, 22.1309, 25.0793, 28.0277, 30.9502, 33.8934
1.96564, 2.00839, 2.10723, 2.29062, 2.58353, 2.89208, 3.97205, 1.7123, 0.00399707, -0.00223118, -0.00146968, -0.00179586
0.00210827, 0.00200825, 0.00263278, 0.003309, 0.00342342, 0.00337702, 0.00380428, 0.00161768, 0.000411667, 0.000422416, 0.000368404, 0.000397576
0, 0.589331, 1.17866, 1.76799, 2.35732, 2.94665, 3.53598, 4.12532, 4.71465, 5.30398, 5.89331, 6.48264, 7.07197, 7.6613, 8.25063, 8.83996, 9.42929, 10.0186, 10.608, 11.1973, 11.7866, 12.3759, 12.9653, 13.5546, 14.1439, 14.7333, 15.3226, 15.9119, 16.5013, 17.0906, 17.6799, 18.2693, 18.8586, 19.4479, 20.0372, 20.6266, 21.2159, 21.8052, 22.3946, 22.9839, 23.5732, 24.1626, 24.7519, 25.3412, 25.9306, 26.5199, 27.1092, 27.6985, 28.2879, 28.8772, 29.4665, 30.0559, 30.6452, 31.2345, 31.8239, 32.4132, 33.0025, 33.5919, 34.1812, 34.7705
1.87215, 1.88884, 1.9062, 1.92427, 1.94311, 1.96276, 1.98329, 2.00477, 2.02727, 2.05088, 2.07569, 2.1018, 2.12934, 2.15844, 2.18925, 2.22197, 2.25678, 2.29394, 2.33371, 2.37645, 2.42253, 2.47245, 2.52677, 2.58621, 2.65168, 2.72431, 2.80557, 2.89744, 3.0026, 3.12485, 3.2698, 3.44627, 3.66919, 3.96745, 4.40774, 5.02025, 4.51091, 1.68559, 0.161204, 0.00320056, 1.01982e-05, 2.60278e-09, 3.77686e-13, 9.55191e-18, 4.21032e-23, 3.23448e-29, 4.33069e-36, 1.01059e-43, 4.11009e-52, 2.91334e-61, 3.59908e-71, 7.74912e-82, 2.90785e-93, 1.90173e-105, 2.16761e-118, 4.30597e-132, 1.49079e-146, 8.99524e-162, 9.45938e-178, 1.73366e-194
1.87215, 1.89187, 1.91244, 1.93393, 1.95641, 1.97994, 2.00462, 2.03053, 2.05779, 2.08652, 2.11684, 2.14891, 2.1829, 2.21901, 2.25747, 2.29855, 2.34254, 2.38982, 2.44082, 2.49605, 2.55612, 2.6218, 2.69402, 2.77395, 2.86308, 2.96335, 3.07732, 3.20848, 3.36175, 3.54428, 3.7671, 4.0483, 4.42054, 4.95269, 5.84085, 7.63311, 8.64757, 3.97789, 0.441577, 0.00977874, 3.67422e-05, 1.51332e-08, 2.21242e-12, 5.63732e-17, 2.50348e-22, 1.93767e-28, 2.61383e-35, 6.14521e-43, 2.51799e-51, 1.79816e-60, 2.23798e-70, 4.85443e-81, 1.83515e-92, 1.20907e-104, 1.38829e-117, 2.77812e-131, 9.68871e-146, 5.88872e-161, 6.23756e-177, 1.15145e-193
21.4863
46.23
 
MEASUREMENT 2
1.4716, 4.41481, 7.36319, 10.3064, 13.2548, 16.2031, 19.1774, 22.1309, 25.0793, 28.0277, 30.9502, 33.8934
1.97049, 2.01262, 2.1122, 2.29256, 2.58597, 2.89553, 3.98368, 1.71605, 0.00393667, -0.00198299, -0.00148717, -0.00209591
0.00210827, 0.00200825, 0.00263278, 0.003309, 0.00342342, 0.00337702, 0.00380428, 0.00161768, 0.000411667, 0.000422416, 0.000368404, 0.000397576
0, 0.589331, 1.17866, 1.76799, 2.35732, 2.94665, 3.53598, 4.12532, 4.71465, 5.30398, 5.89331, 6.48264, 7.07197, 7.6613, 8.25063, 8.83996, 9.42929, 10.0186, 10.608, 11.1973, 11.7866, 12.3759, 12.9653, 13.5546, 14.1439, 14.7333, 15.3226, 15.9119, 16.5013, 17.0906, 17.6799, 18.2693, 18.8586, 19.4479, 20.0372, 20.6266, 21.2159, 21.8052, 22.3946, 22.9839, 23.5732, 24.1626, 24.7519, 25.3412, 25.9306, 26.5199, 27.1092, 27.6985, 28.2879, 28.8772, 29.4665, 30.0559, 30.6452, 31.2345, 31.8239, 32.4132, 33.0025, 33.5919, 34.1812, 34.7705
1.87612, 1.89284, 1.91024, 1.92834, 1.94722, 1.96691, 1.98748, 2.009, 2.03155, 2.0552, 2.08005, 2.10622, 2.13381, 2.16297, 2.19384, 2.22662, 2.2615, 2.29872, 2.33858, 2.38139, 2.42756, 2.47757, 2.53199, 2.59155, 2.65713, 2.72989, 2.8113, 2.90333, 3.00867, 3.13114, 3.27634, 3.4531, 3.67641, 3.97519, 4.41622, 5.02657, 4.5147, 1.70071, 0.166449, 0.00343971, 1.18974e-05, 3.16845e-09, 5.0441e-13, 1.42434e-17, 7.13405e-23, 6.33799e-29, 9.98754e-36, 2.79162e-43, 1.38403e-51, 1.21709e-60, 1.8984e-70, 5.25221e-81, 2.57741e-92, 2.24342e-104, 3.46355e-117, 9.48455e-131, 4.60675e-145, 3.96876e-160, 6.06451e-176, 1.64367e-192
1.87612, 1.89588, 1.9165, 1.93803, 1.96055, 1.98413, 2.00886, 2.03483, 2.06214, 2.09093, 2.12131, 2.15344, 2.1875, 2.22369, 2.26223, 2.30338, 2.34747, 2.39485, 2.44595, 2.50128, 2.56148, 2.62729, 2.69965, 2.77973, 2.86904, 2.9695, 3.08369, 3.21511, 3.36867, 3.55155, 3.77479, 4.05652, 4.42949, 4.96278, 5.8534, 7.64484, 8.6473, 4.00603, 0.454875, 0.0104823, 4.22915e-05, 1.84219e-08, 2.95448e-12, 8.40474e-17, 4.24094e-22, 3.79569e-28, 6.02575e-35, 1.69676e-42, 8.47453e-51, 7.50751e-60, 1.17967e-69, 3.28778e-80, 1.62527e-91, 1.42504e-103, 2.21617e-116, 6.11295e-130, 2.99069e-144, 2.59513e-159, 3.99407e-175, 1.09028e-191
21.4876
46.23
 
MEASUREMENT 3
1.4716, 4.41481, 7.36319, 10.3064, 13.2548, 16.2031, 19.1774, 22.1309, 25.0793, 28.0277, 30.9502, 33.8934
1.96297, 2.00504, 2.10423, 2.28143, 2.57671, 2.88506, 3.96961, 1.71015, 0.0037964, -0.00199566, -0.00137841, -0.00179819
0.00210827, 0.00200825, 0.00263278, 0.003309, 0.00342342, 0.00337702, 0.00380428, 0.00161768, 0.000411667, 0.000422416, 0.000368404, 0.000397576
0, 0.589331, 1.17866, 1.76799, 2.35732, 2.94665, 3.53598, 4.12532, 4.71465, 5.30398, 5.89331, 6.48264, 7.07197, 7.6613, 8.25063, 8.83996, 9.42929, 10.0186, 10.608, 11.1973, 11.7866, 12.3759, 12.9653, 13.5546, 14.1439, 14.7333, 15.3226, 15.9119, 16.5013, 17.0906, 17.6799, 18.2693, 18.8586, 19.4479, 20.0372, 20.6266, 21.2159, 21.8052, 22.3946, 22.9839, 23.5732, 24.1626, 24.7519, 25.3412, 25.9306, 26.5199, 27.1092, 27.6985, 28.2879, 28.8772, 29.4665, 30.0559, 30.6452, 31.2345, 31.8239, 32.4132, 33.0025, 33.5919, 34.1812, 34.7705
1.86906, 1.88572, 1.90305, 1.92109, 1.93989, 1.95951, 1.98, 2.00144, 2.0239, 2.04747, 2.07223, 2.09829, 2.12578, 2.15483, 2.18559, 2.21824, 2.25299, 2.29008, 2.32978, 2.37243, 2.41843, 2.46825, 2.52247, 2.5818, 2.64714, 2.71962, 2.80072, 2.8924, 2.99735, 3.11935, 3.264, 3.44008, 3.66254, 3.96017, 4.39948, 5.00685, 4.49816, 1.69949, 0.167534, 0.00350353, 1.2404e-05, 3.34516e-09, 5.46696e-13, 1.59235e-17, 8.26604e-23, 7.64749e-29, 1.26097e-35, 3.70552e-43, 1.94069e-51, 1.81145e-60, 3.01338e-70, 8.93391e-81, 4.72049e-92, 4.44518e-104, 7.46016e-117, 2.23132e-130, 1.18941e-144, 1.12993e-159, 1.91304e-175, 5.77227e-192
1.86906, 1.88874, 1.90928, 1.93073, 1.95317, 1.97666, 2.00129, 2.02716, 2.05438, 2.08305, 2.11331, 2.14533, 2.17926, 2.2153, 2.25369, 2.29469, 2.33861, 2.3858, 2.43671, 2.49183, 2.55179, 2.61735, 2.68943, 2.76921, 2.85817, 2.95824, 3.07199, 3.20289, 3.35585, 3.53801, 3.76037, 4.04098, 4.41246, 4.94362, 5.83069, 7.61349, 8.61082, 3.99985, 0.457406, 0.010666, 4.39171e-05, 1.94427e-08, 3.20102e-12, 9.39261e-17, 4.9119e-22, 4.57801e-28, 7.6044e-35, 2.2512e-42, 1.18774e-50, 1.11682e-59, 1.87154e-69, 5.58944e-80, 2.975e-91, 2.82199e-103, 4.77056e-116, 1.43724e-129, 7.71667e-144, 7.38366e-159, 1.25908e-174, 3.82622e-191
21.4883
46.23
 
MEASUREMENT 4
1.4716, 4.41481, 7.36319, 10.3064, 13.2548, 16.2031, 19.1774, 22.1309, 25.0793, 28.0277, 30.9502, 33.8934
1.95131, 1.99334, 2.09151, 2.27023, 2.55808, 2.86728, 3.9471, 1.69957, 0.00367477, -0.00219964, -0.00166472, -0.00192647
0.00210827, 0.00200825, 0.00263278, 0.003309, 0.00342342, 0.00337702, 0.00380428, 0.00161768, 0.000411667, 0.000422416, 0.000368404, 0.000397576
0, 0.589331, 1.17866, 1.76799, 2.35732, 2.94665, 3.53598, 4.12532, 4.71465, 5.30398, 5.89331, 6.48264, 7.07197, 7.6613, 8.25063, 8.83996, 9.42929, 10.0186, 10.608, 11.1973, 11.7866, 12.3759, 12.9653, 13.5546, 14.1439, 14.7333, 15.3226, 15.9119, 16.5013, 17.0906, 17.6799, 18.2693, 18.8586, 19.4479, 20.0372, 20.6266, 21.2159, 21.8052, 22.3946, 22.9839, 23.5732, 24.1626, 24.7519, 25.3412, 25.9306, 26.5199, 27.1092, 27.6985, 28.2879, 28.8772, 29.4665, 30.0559, 30.6452, 31.2345, 31.8239, 32.4132, 33.0025, 33.5919, 34.1812, 34.7705
1.85692, 1.87349, 1.89073, 1.90867, 1.92737, 1.94688, 1.96727, 1.9886, 2.01094, 2.03438, 2.05901, 2.08494, 2.11229, 2.14119, 2.17179, 2.20428, 2.23886, 2.27576, 2.31527, 2.35772, 2.4035, 2.45308, 2.50705, 2.56611, 2.63115, 2.70332, 2.78407, 2.87538, 2.9799, 3.10144, 3.24557, 3.42107, 3.64286, 3.93975, 4.37835, 4.98637, 4.47444, 1.6749, 0.161746, 0.00327461, 1.08784e-05, 2.84643e-09, 4.34584e-13, 1.16879e-17, 5.53711e-23, 4.6208e-29, 6.7926e-36, 1.7589e-43, 8.02284e-52, 6.44613e-61, 9.12331e-71, 2.27451e-81, 9.98857e-93, 7.72678e-105, 1.05286e-117, 2.5271e-131, 1.06844e-145, 7.95708e-161, 1.04383e-176, 2.41202e-193
1.85692, 1.87649, 1.89689, 1.91821, 1.9405, 1.96384, 1.98832, 2.01403, 2.04107, 2.06956, 2.09964, 2.13145, 2.16517, 2.20099, 2.23914, 2.27989, 2.32353, 2.37044, 2.42103, 2.47581, 2.53541, 2.60056, 2.67221, 2.7515, 2.83993, 2.9394, 3.05248, 3.18261, 3.33468, 3.51581, 3.73692, 4.016, 4.38552, 4.914, 5.79698, 7.57502, 8.56059, 3.93995, 0.441317, 0.00996128, 3.88061e-05, 1.64832e-08, 2.53533e-12, 6.86941e-17, 3.27863e-22, 2.75645e-28, 4.08218e-35, 1.06492e-42, 4.89353e-51, 3.96101e-60, 5.64763e-70, 1.41841e-80, 6.27493e-92, 4.88975e-104, 6.71172e-117, 1.62273e-130, 6.91075e-145, 5.18401e-160, 6.84963e-176, 1.59414e-192
21.4853
46.23
 
MEASUREMENT 5
1.4716, 4.41481, 7.36319, 10.3064, 13.2548, 16.2031, 19.1774, 22.1309, 25.0793, 28.0277, 30.9502, 33.8934
1.9515, 1.99392, 2.09245, 2.27425, 2.56524, 2.8685, 3.94441, 1.70082, 0.0037168, -0.00240385, -0.00136342, -0.00196179
0.00210827, 0.00200825, 0.00263278, 0.003309, 0.00342342, 0.00337702, 0.00380428, 0.00161768, 0.000411667, 0.000422416, 0.000368404, 0.000397576
0, 0.589331, 1.17866, 1.76799, 2.35732, 2.94665, 3.53598, 4.12532, 4.71465, 5.30398, 5.89331, 6.48264, 7.07197, 7.6613, 8.25063, 8.83996, 9.42929, 10.0186, 10.608, 11.1973, 11.7866, 12.3759, 12.9653, 13.5546, 14.1439, 14.7333, 15.3226, 15.9119, 16.5013, 17.0906, 17.6799, 18.2693, 18.8586, 19.4479, 20.0372, 20.6266, 21.2159, 21.8052, 22.3946, 22.9839, 23.5732, 24.1626, 24.7519, 25.3412, 25.9306, 26.5199, 27.1092, 27.6985, 28.2879, 28.8772, 29.4665, 30.0559, 30.6452, 31.2345, 31.8239, 32.4132, 33.0025, 33.5919, 34.1812, 34.7705
1.85876, 1.87533, 1.89256, 1.9105, 1.9292, 1.94871, 1.96909, 1.99041, 2.01275, 2.03618, 2.06081, 2.08673, 2.11406, 2.14295, 2.17354, 2.20601, 2.24056, 2.27744, 2.31693, 2.35934, 2.40509, 2.45463, 2.50854, 2.56754, 2.63252, 2.7046, 2.78525, 2.87642, 2.98078, 3.10209, 3.24593, 3.42102, 3.6422, 3.93806, 4.37472, 4.98238, 4.48036, 1.67831, 0.161169, 0.00321778, 1.03668e-05, 2.65466e-09, 3.88959e-13, 9.94553e-18, 4.43791e-23, 3.45586e-29, 4.69634e-36, 1.11375e-43, 4.60935e-52, 3.32902e-61, 4.1958e-71, 9.22859e-82, 3.54223e-93, 2.37267e-105, 2.77344e-118, 5.65739e-132, 2.01387e-146, 1.25101e-161, 1.35614e-177, 2.56544e-194
1.85876, 1.87834, 1.89877, 1.9201, 1.94241, 1.96578, 1.99027, 2.016, 2.04307, 2.07158, 2.10168, 2.13352, 2.16727, 2.20312, 2.2413, 2.28208, 2.32575, 2.37269, 2.42332, 2.47814, 2.53778, 2.60298, 2.67467, 2.75402, 2.8425, 2.94203, 3.05516, 3.18535, 3.33748, 3.51866, 3.7398, 4.01887, 4.38827, 4.91627, 5.79721, 7.57465, 8.5873, 3.96022, 0.441463, 0.00983146, 3.72858e-05, 1.54416e-08, 2.27945e-12, 5.87215e-17, 2.63993e-22, 2.07116e-28, 2.8357e-35, 6.77531e-43, 2.825e-51, 2.05555e-60, 2.61007e-70, 5.78352e-81, 2.23638e-92, 1.50907e-104, 1.77697e-117, 3.6514e-131, 1.30931e-145, 8.19274e-161, 8.94573e-177, 1.70451e-193
21.4873
46.23
 
MEASUREMENT 6
1.4716, 4.41481, 7.36319, 10.3064, 13.2548, 16.2031, 19.1774, 22.1309, 25.0793, 28.0277, 30.9502, 33.8934
1.97676, 2.01911, 2.11892, 2.30045, 2.59423, 2.90499, 3.99639, 1.72191, 0.00392004, -0.00216681, -0.00168998, -0.00206674
0.00210827, 0.00200825, 0.00263278, 0.003309, 0.00342342, 0.00337702, 0.00380428, 0.00161768, 0.000411667, 0.000422416, 0.000368404, 0.000397576
0, 0.589331, 1.17866, 1.76799, 2.35732, 2.94665, 3.53598, 4.12532, 4.71465, 5.30398, 5.89331, 6.48264, 7.07197, 7.6613, 8.25063, 8.83996, 9.42929, 10.0186, 10.608, 11.1973, 11.7866, 12.3759, 12.9653, 13.5546, 14.1439, 14.7333, 15.3226, 15.9119, 16.5013, 17.0906, 17.6799, 18.2693, 18.8586, 19.4479, 20.0372, 20.6266, 21.2159, 21.8052, 22.3946, 22.9839, 23.5732, 24.1626, 24.7519, 25.3412, 25.9306, 26.5199, 27.1092, 27.6985, 28.2879, 28.8772, 29.4665, 30.0559, 30.6452, 31.2345, 31.8239, 32.4132, 33.0025, 33.5919, 34.1812, 34.7705
1.88301, 1.89978, 1.91722, 1.93538, 1.9543, 1.97405, 1.99468, 2.01626, 2.03887, 2.06258, 2.08751, 2.11374, 2.1414, 2.17063, 2.20159, 2.23445, 2.26942, 2.30673, 2.34669, 2.3896, 2.43588, 2.486, 2.54055, 2.60023, 2.66595, 2.73886, 2.82043, 2.91263, 3.01816, 3.14081, 3.28623, 3.46321, 3.68674, 3.98572, 4.42674, 5.03501, 4.52539, 1.71969, 0.171851, 0.00367379, 1.35654e-05, 3.74218e-09, 6.41282e-13, 1.975e-17, 1.09315e-22, 1.08738e-28, 1.94393e-35, 6.24551e-43, 3.60618e-51, 3.74211e-60, 6.97871e-70, 2.33896e-80, 1.40883e-91, 1.52503e-103, 2.96678e-116, 1.03724e-129, 6.51708e-144, 7.35888e-159, 1.49331e-174, 5.44591e-191
1.88301, 1.90284, 1.92353, 1.94514, 1.96774, 1.9914, 2.01622, 2.04228, 2.06969, 2.09857, 2.12906, 2.16131, 2.19548, 2.23179, 2.27047, 2.31177, 2.356, 2.40354, 2.45481, 2.51034, 2.57074, 2.63677, 2.70937, 2.78972, 2.87932, 2.98011, 3.09466, 3.2265, 3.38053, 3.56397, 3.78788, 4.07042, 4.44443, 4.97913, 5.87201, 7.66386, 8.66963, 4.05032, 0.469577, 0.0111945, 4.78344e-05, 2.18165e-08, 3.76614e-12, 1.16844e-16, 6.51492e-22, 6.52838e-28, 1.17569e-34, 3.80513e-42, 2.21327e-50, 2.31358e-59, 4.34629e-69, 1.46735e-79, 8.90289e-91, 9.70745e-103, 1.9022e-115, 6.69854e-129, 4.23914e-143, 4.82108e-158, 9.85327e-174, 3.61895e-190
21.4901
46.23
 
MEASUREMENT 7
1.4716, 4.41481, 7.36319, 10.3064, 13.2548, 16.2031, 19.1774, 22.1309, 25.0793, 28.0277, 30.9502, 33.8934
1.96419, 2.00572, 2.10474, 2.28259, 2.57733, 2.88567, 3.9733, 1.71083, 0.00375394, -0.00198836, -0.00138103, -0.00202402
0.00210827, 0.00200825, 0.00263278, 0.003309, 0.00342342, 0.00337702, 0.00380428, 0.00161768, 0.000411667, 0.000422416, 0.000368404, 0.000397576
0, 0.589331, 1.17866, 1.76799, 2.35732, 2.94665, 3.53598, 4.12532, 4.71465, 5.30398, 5.89331, 6.48264, 7.07197, 7.6613, 8.25063, 8.83996, 9.42929, 10.0186, 10.608, 11.1973, 11.7866, 12.3759, 12.9653, 13.5546, 14.1439, 14.7333, 15.3226, 15.9119, 16.5013, 17.0906, 17.6799, 18.2693, 18.8586, 19.4479, 20.0372, 20.6266, 21.2159, 21.8052, 22.3946, 22.9839, 23.5732, 24.1626, 24.7519, 25.3412, 25.9306, 26.5199, 27.1092, 27.6985, 28.2879, 28.8772, 29.4665, 30.0559, 30.6452, 31.2345, 31.8239, 32.4132, 33.0025, 33.5919, 34.1812, 34.7705
1.86881, 1.88549, 1.90284, 1.9209, 1.93972, 1.95936, 1.97988, 2.00135, 2.02384, 2.04744, 2.07223, 2.09834, 2.12586, 2.15495, 2.18576, 2.21846, 2.25327, 2.29042, 2.33019, 2.37292, 2.41901, 2.46892, 2.52325, 2.5827, 2.64818, 2.72083, 2.80213, 2.89405, 2.99928, 3.12164, 3.26674, 3.44343, 3.66673, 3.96561, 4.40717, 5.02104, 4.50872, 1.68362, 0.161194, 0.00321232, 1.03242e-05, 2.65464e-09, 3.90097e-13, 1.00222e-17, 4.50169e-23, 3.53516e-29, 4.85359e-36, 1.16503e-43, 4.88913e-52, 3.5871e-61, 4.60123e-71, 1.03186e-81, 4.04561e-93, 2.77307e-105, 3.32317e-118, 6.96237e-132, 2.55019e-146, 1.63305e-161, 1.82825e-177, 3.57832e-194
1.86881, 1.8885, 1.90903, 1.93049, 1.95292, 1.97641, 2.00105, 2.02692, 2.05414, 2.08281, 2.11308, 2.14509, 2.17903, 2.21508, 2.25348, 2.29448, 2.3384, 2.38561, 2.43652, 2.49166, 2.55163, 2.61721, 2.68931, 2.76911, 2.8581, 2.95821, 3.072, 3.20297, 3.35601, 3.53828, 3.7608, 4.04163, 4.41345, 4.94513, 5.83305, 7.62361, 8.6248, 3.96148, 0.440007, 0.00977709, 3.70093e-05, 1.53627e-08, 2.27442e-12, 5.88705e-17, 2.66409e-22, 2.10775e-28, 2.91548e-35, 7.05049e-43, 2.98087e-51, 2.20334e-60, 2.84729e-70, 6.43267e-81, 2.54073e-92, 1.75442e-104, 2.11792e-117, 4.4698e-131, 1.64918e-145, 1.06376e-160, 1.19954e-176, 2.36472e-193
21.4852
46.23
 
MEASUREMENT 8
1.4716, 4.41481, 7.36319, 10.3064, 13.2548, 16.2031, 19.1774, 22.1309, 25.0793, 28.0277, 30.9502, 33.8934
1.96158, 2.00437, 2.10295, 2.28307, 2.57275, 2.88058, 3.9672, 1.70905, 0.00387967, -0.00228388, -0.00166401, -0.00181154
0.00210827, 0.00200825, 0.00263278, 0.003309, 0.00342342, 0.00337702, 0.00380428, 0.00161768, 0.000411667, 0.000422416, 0.000368404, 0.000397576
0, 0.589331, 1.17866, 1.76799, 2.35732, 2.94665, 3.53598, 4.12532, 4.71465, 5.30398, 5.89331, 6.48264, 7.07197, 7.6613, 8.25063, 8.83996, 9.42929, 10.0186, 10.608, 11.1973, 11.7866, 12.3759, 12.9653, 13.5546, 14.1439, 14.7333, 15.3226, 15.9119, 16.5013, 17.0906, 17.6799, 18.2693, 18.8586, 19.4479, 20.0372, 20.6266, 21.2159, 21.8052, 22.3946, 22.9839, 23.5732, 24.1626, 24.7519, 25.3412, 25.9306, 26.5199, 27.1092, 27.6985, 28.2879, 28.8772, 29.4665, 30.0559, 30.6452, 31.2345, 31.8239, 32.4132, 33.0025, 33.5919, 34.1812, 34.7705
1.8677, 1.88435, 1.90167, 1.9197, 1.93849, 1.9581, 1.97858, 2.00001, 2.02246, 2.04601, 2.07076, 2.09682, 2.12429, 2.15332, 2.18407, 2.21671, 2.25144, 2.28851, 2.3282, 2.37083, 2.41681, 2.46661, 2.5208, 2.58011, 2.64542, 2.71788, 2.79895, 2.89061, 2.99552, 3.11748, 3.26209, 3.43813, 3.66053, 3.95806, 4.39725, 5.0075, 4.50185, 1.68986, 0.163349, 0.00330004, 1.08968e-05, 2.82727e-09, 4.26101e-13, 1.12688e-17, 5.22957e-23, 4.25866e-29, 6.08553e-36, 1.52596e-43, 6.71435e-52, 5.18421e-61, 7.02388e-71, 1.66989e-81, 6.96643e-93, 5.09973e-105, 6.55084e-118, 1.47658e-131, 5.8402e-146, 4.05328e-161, 4.93621e-177, 1.05484e-193
1.8677, 1.88737, 1.90789, 1.92933, 1.95175, 1.97522, 1.99984, 2.02569, 2.05289, 2.08154, 2.11179, 2.14378, 2.17768, 2.21371, 2.25207, 2.29304, 2.33693, 2.3841, 2.43497, 2.49005, 2.54998, 2.61549, 2.68753, 2.76725, 2.85616, 2.95617, 3.06984, 3.20066, 3.35352, 3.53557, 3.75779, 4.03822, 4.40943, 4.94007, 5.82571, 7.61077, 8.62189, 3.98255, 0.446769, 0.0100664, 3.89979e-05, 1.6427e-08, 2.49422e-12, 6.6456e-17, 3.1071e-22, 2.54915e-28, 3.66989e-35, 9.27101e-43, 4.10975e-51, 3.1968e-60, 4.36341e-70, 1.04507e-80, 4.39207e-92, 3.23891e-104, 4.19111e-117, 9.51614e-131, 3.79132e-145, 2.65043e-160, 3.25114e-176, 6.99758e-193
21.4875
46.23
 
MEASUREMENT 9
1.4716, 4.41481, 7.36319, 10.3064, 13.2548, 16.2031, 19.1774, 22.1309, 25.0793, 28.0277, 30.9502, 33.8934
1.97527, 2.0181, 2.11764, 2.30128, 2.59562, 2.90602, 3.99155, 1.72091, 0.00396067, -0.00210139, -0.00139425, -0.00201377
0.00210827, 0.00200825, 0.00263278, 0.003309, 0.00342342, 0.00337702, 0.00380428, 0.00161768, 0.000411667, 0.000422416, 0.000368404, 0.000397576
0, 0.589331, 1.17866, 1.76799, 2.35732, 2.94665, 3.53598, 4.12532, 4.71465, 5.30398, 5.89331, 6.48264, 7.07197, 7.6613, 8.25063, 8.83996, 9.42929, 10.0186, 10.608, 11.1973, 11.7866, 12.3759, 12.9653, 13.5546, 14.1439, 14.7333, 15.3226, 15.9119, 16.5013, 17.0906, 17.6799, 18.2693, 18.8586, 19.4479, 20.0372, 20.6266, 21.2159, 21.8052, 22.3946, 22.9839, 23.5732, 24.1626, 24.7519, 25.3412, 25.9306, 26.5199, 27.1092, 27.6985, 28.2879, 28.8772, 29.4665, 30.0559, 30.6452, 31.2345, 31.8239, 32.4132, 33.0025, 33.5919, 34.1812, 34.7705
1.88132, 1.89809, 1.91553, 1.93368, 1.95261, 1.97235, 1.99299, 2.01457, 2.03717, 2.06089, 2.08582, 2.11205, 2.13972, 2.16896, 2.19992, 2.23279, 2.26776, 2.30509, 2.34506, 2.38799, 2.43429, 2.48444, 2.53901, 2.59873, 2.6645, 2.73746, 2.8191, 2.91139, 3.01703, 3.13984, 3.28546, 3.46272, 3.68667, 3.9863, 4.42861, 5.04125, 4.5272, 1.70166, 0.165626, 0.00339149, 1.15187e-05, 3.03845e-09, 4.73962e-13, 1.3065e-17, 6.36428e-23, 5.47851e-29, 8.33391e-36, 2.2403e-43, 1.06423e-51, 8.93381e-61, 1.32528e-70, 3.47412e-81, 1.60935e-92, 1.31742e-104, 1.90574e-117, 4.87157e-131, 2.20058e-145, 1.75658e-160, 2.47776e-176, 6.17607e-193
1.88132, 1.90113, 1.92181, 1.9434, 1.96598, 1.98963, 2.01443, 2.04047, 2.06786, 2.09672, 2.12719, 2.15942, 2.19357, 2.22986, 2.26851, 2.30978, 2.35399, 2.4015, 2.45274, 2.50823, 2.5686, 2.6346, 2.70716, 2.78748, 2.87704, 2.97779, 3.0923, 3.2241, 3.3781, 3.56151, 3.7854, 4.06795, 4.44201, 4.97686, 5.87005, 7.66786, 8.67449, 4.0106, 0.452931, 0.0103428, 4.10724e-05, 1.76692e-08, 2.77669e-12, 7.71105e-17, 3.78421e-22, 3.28178e-28, 5.02939e-35, 1.36205e-42, 6.51831e-51, 5.51245e-60, 8.23793e-70, 2.17547e-80, 1.01519e-91, 8.37149e-104, 1.21987e-116, 3.14106e-130, 1.4292e-144, 1.1491e-159, 1.63257e-175, 4.09857e-192
21.4871
46.23
 
MEASUREMENT 10
1.4716, 4.41481, 7.36319, 10.3064, 13.2548, 16.2031, 19.1774, 22.1309, 25.0793, 28.0277, 30.9502, 33.8934
1.9835, 2.02672, 2.12664, 2.30854, 2.60424, 2.91534, 4.01104, 1.72829, 0.00373592, -0.0021798, -0.00146191, -0.00191802
0.00210827, 0.00200825, 0.00263278, 0.003309, 0.00342342, 0.00337702, 0.00380428, 0.00161768, 0.000411667, 0.000422416, 0.000368404, 0.000397576
0, 0.589331, 1.17866, 1.76799, 2.35732, 2.94665, 3.53598, 4.12532, 4.71465, 5.30398, 5.89331, 6.48264, 7.07197, 7.6613, 8.25063, 8.83996, 9.42929, 10.0186, 10.608, 11.1973, 11.7866, 12.3759, 12.9653, 13.5546, 14.1439, 14.7333, 15.3226, 15.9119, 16.5013, 17.0906, 17.6799, 18.2693, 18.8586, 19.4479, 20.0372, 20.6266, 21.2159, 21.8052, 22.3946, 22.9839, 23.5732, 24.1626, 24.7519, 25.3412, 25.9306, 26.5199, 27.1092, 27.6985, 28.2879, 28.8772, 29.4665, 30.0559, 30.6452, 31.2345, 31.8239, 32.4132, 33.0025, 33.5919, 34.1812, 34.7705
1.88846, 1.9053, 1.92282, 1.94106, 1.96006, 1.9799, 2.00062, 2.02229, 2.045, 2.06883, 2.09386, 2.12022, 2.14801, 2.17738, 2.20848, 2.24149, 2.27663, 2.31413, 2.35428, 2.39742, 2.44393, 2.49431, 2.54915, 2.60915, 2.67524, 2.74855, 2.83059, 2.92334, 3.02951, 3.15294, 3.29931, 3.47752, 3.70267, 4.00397, 4.44889, 5.06668, 4.55087, 1.70434, 0.164244, 0.00330672, 1.08507e-05, 2.81349e-09, 4.22332e-13, 1.11236e-17, 5.14067e-23, 4.16847e-29, 5.93082e-36, 1.48059e-43, 6.48537e-52, 4.98442e-61, 6.7216e-71, 1.59041e-81, 6.60271e-93, 4.80962e-105, 6.14716e-118, 1.37852e-131, 5.42404e-146, 3.74459e-161, 4.53583e-177, 9.64002e-194
1.88846, 1.90835, 1.9291, 1.95078, 1.97345, 1.99719, 2.02208, 2.04822, 2.07572, 2.10469, 2.13528, 2.16763, 2.20192, 2.23834, 2.27714, 2.31857, 2.36295, 2.41065, 2.46209, 2.5178, 2.5784, 2.64465, 2.7175, 2.79813, 2.88804, 2.98918, 3.10415, 3.23646, 3.39107, 3.57521, 3.8, 4.08368, 4.45924, 4.99623, 5.89285, 7.6999, 8.7141, 4.01489, 0.448932, 0.0100791, 3.88433e-05, 1.63269e-08, 2.46911e-12, 6.55186e-17, 3.05051e-22, 2.49208e-28, 3.57217e-35, 8.98425e-43, 3.96467e-51, 3.06979e-60, 4.17044e-70, 9.94091e-81, 4.15757e-92, 3.05084e-104, 3.92793e-117, 8.87303e-131, 3.51674e-145, 2.4455e-160, 2.98368e-176, 6.38692e-193
21.4863
46.23
 
MEASUREMENT 11
1.4716, 4.41481, 7.36319, 10.3064, 13.2548, 16.2031, 19.1774, 22.1309, 25.0793, 28.0277, 30.9502, 33.8934
1.98037, 2.02365, 2.12286, 2.30392, 2.59928, 2.91056, 4.00447, 1.72523, 0.0038809, -0.00221598, -0.00137271, -0.00194211
0.00210827, 0.00200825, 0.00263278, 0.003309, 0.00342342, 0.00337702, 0.00380428, 0.00161768, 0.000411667, 0.000422416, 0.000368404, 0.000397576
0, 0.589331, 1.17866, 1.76799, 2.35732, 2.94665, 3.53598, 4.12532, 4.71465, 5.30398, 5.89331, 6.48264, 7.07197, 7.6613, 8.25063, 8.83996, 9.42929, 10.0186, 10.608, 11.1973, 11.7866, 12.3759, 12.9653, 13.5546, 14.1439, 14.7333, 15.3226, 15.9119, 16.5013, 17.0906, 17.6799, 18.2693, 18.8586, 19.4479, 20.0372, 20.6266, 21.2159, 21.8052, 22.3946, 22.9839, 23.5732, 24.1626, 24.7519, 25.3412, 25.9306, 26.5199, 27.1092, 27.6985, 28.2879, 28.8772, 29.4665, 30.0559, 30.6452, 31.2345, 31.8239, 32.4132, 33.0025, 33.5919, 34.1812, 34.7705
1.8853, 1.90211, 1.9196, 1.93781, 1.95678, 1.97658, 1.99726, 2.0189, 2.04157, 2.06535, 2.09035, 2.11665, 2.1444, 2.17371, 2.20476, 2.23772, 2.2728, 2.31023, 2.35031, 2.39337, 2.4398, 2.49009, 2.54483, 2.60473, 2.67069, 2.74388, 2.82577, 2.91835, 3.02433, 3.14754, 3.29364, 3.47152, 3.69627, 3.99703, 4.44114, 5.05686, 4.54089, 1.70375, 0.165133, 0.00335874, 1.12558e-05, 2.9512e-09, 4.53812e-13, 1.23014e-17, 5.87806e-23, 4.95124e-29, 7.35179e-36, 1.92429e-43, 8.87868e-52, 7.22142e-61, 1.03536e-70, 2.61674e-81, 1.16579e-92, 9.15537e-105, 1.26743e-117, 3.09288e-131, 1.33044e-145, 1.00882e-160, 1.34841e-176, 3.177e-193
1.8853, 1.90516, 1.92588, 1.94752, 1.97015, 1.99385, 2.0187, 2.0448, 2.07225, 2.10117, 2.13171, 2.164, 2.19823, 2.2346, 2.27333, 2.31469, 2.359, 2.40661, 2.45797, 2.51358, 2.57408, 2.64022, 2.71295, 2.79344, 2.8832, 2.98417, 3.09894, 3.23103, 3.38538, 3.56921, 3.79361, 4.07682, 4.45177, 4.98791, 5.88332, 7.68636, 8.69416, 4.01206, 0.451145, 0.0102321, 4.01608e-05, 1.71285e-08, 2.6535e-12, 7.24638e-17, 3.48839e-22, 2.96026e-28, 4.42826e-35, 1.1677e-42, 5.42783e-51, 4.44747e-60, 6.42378e-70, 1.63553e-80, 7.34025e-92, 5.80696e-104, 8.09786e-117, 1.99055e-130, 8.62489e-145, 6.58736e-160, 8.86838e-176, 2.1045e-192
21.4865
46.23
 
MEASUREMENT 12
1.4716, 4.41481, 7.36319, 10.3064, 13.2548, 16.2031, 19.1774, 22.1309, 25.0793, 28.0277, 30.9502, 33.8934
1.98211, 2.02484, 2.12491, 2.30376, 2.60199, 2.91283, 4.00749, 1.72634, 0.00392332, -0.00221947, -0.00157451, -0.00170024
0.00210827, 0.00200825, 0.00263278, 0.003309, 0.00342342, 0.00337702, 0.00380428, 0.00161768, 0.000411667, 0.000422416, 0.000368404, 0.000397576
0, 0.589331, 1.17866, 1.76799, 2.35732, 2.94665, 3.53598, 4.12532, 4.71465, 5.30398, 5.89331, 6.48264, 7.07197, 7.6613, 8.25063, 8.83996, 9.42929, 10.0186, 10.608, 11.1973, 11.7866, 12.3759, 12.9653, 13.5546, 14.1439, 14.7333, 15.3226, 15.9119, 16.5013, 17.0906, 17.6799, 18.2693, 18.8586, 19.4479, 20.0372, 20.6266, 21.2159, 21.8052, 22.3946, 22.9839, 23.5732, 24.1626, 24.7519, 25.3412, 25.9306, 26.5199, 27.1092, 27.6985, 28.2879, 28.8772, 29.4665, 30.0559, 30.6452, 31.2345, 31.8239, 32.4132, 33.0025, 33.5919, 34.1812, 34.7705
1.88665, 1.90348, 1.92098, 1.9392, 1.95819, 1.978, 1.9987, 2.02036, 2.04305, 2.06685, 2.09186, 2.11819, 2.14595, 2.17529, 2.20637, 2.23935, 2.27446, 2.31192, 2.35203, 2.39513, 2.4416, 2.49193, 2.54671, 2.60666, 2.67269, 2.74593, 2.82789, 2.92056, 3.02663, 3.14994, 3.29618, 3.47421, 3.69915, 4.00016, 4.44465, 5.06238, 4.54754, 1.70103, 0.163332, 0.00326743, 1.05803e-05, 2.72486e-09, 4.02949e-13, 1.04254e-17, 4.71925e-23, 3.73755e-29, 5.1789e-36, 1.25551e-43, 5.32523e-52, 3.95174e-61, 5.13063e-71, 1.16542e-81, 4.63155e-93, 3.22032e-105, 3.91741e-118, 8.3373e-132, 3.1044e-146, 2.02235e-161, 2.30492e-177, 4.59599e-194
1.88665, 1.90652, 1.92726, 1.94891, 1.97156, 1.99528, 2.02015, 2.04626, 2.07374, 2.10268, 2.13324, 2.16556, 2.19981, 2.2362, 2.27496, 2.31636, 2.3607, 2.40834, 2.45974, 2.51539, 2.57594, 2.64213, 2.71491, 2.79546, 2.88529, 2.98634, 3.10119, 3.23338, 3.38785, 3.57181, 3.79638, 4.0798, 4.455, 4.99145, 5.88706, 7.69304, 8.709, 4.0084, 0.446621, 0.00996389, 3.79606e-05, 1.58134e-08, 2.35596e-12, 6.14112e-17, 2.80069e-22, 2.2347e-28, 3.11964e-35, 7.61945e-43, 3.25591e-51, 2.43416e-60, 3.18384e-70, 7.28579e-81, 2.91692e-92, 2.04312e-104, 2.50368e-117, 5.36761e-131, 2.01325e-145, 1.32107e-160, 1.51657e-176, 3.04584e-193
21.4861
46.23
 
MEASUREMENT 13
1.4716, 4.41481, 7.36319, 10.3064, 13.2548, 16.2031, 19.1774, 22.1309, 25.0793, 28.0277, 30.9502, 33.8934
1.98295, 2.02448, 2.12428, 2.30606, 2.60127, 2.91263, 4.00719, 1.72592, 0.00401592, -0.00208817, -0.00138686, -0.00204307
0.00210827, 0.00200825, 0.00263278, 0.003309, 0.00342342, 0.00337702, 0.00380428, 0.00161768, 0.000411667, 0.000422416, 0.000368404, 0.000397576
0, 0.589331, 1.17866, 1.76799, 2.35732, 2.94665, 3.53598, 4.12532, 4.71465, 5.30398, 5.89331, 6.48264, 7.07197, 7.6613, 8.25063, 8.83996, 9.42929, 10.0186, 10.608, 11.1973, 11.7866, 12.3759, 12.9653, 13.5546, 14.1439, 14.7333, 15.3226, 15.9119, 16.5013, 17.0906, 17.6799, 18.2693, 18.8586, 19.4479, 20.0372, 20.6266, 21.2159, 21.8052, 22.3946, 22.9839, 23.5732, 24.1626, 24.7519, 25.3412, 25.9306, 26.5199, 27.1092, 27.6985, 28.2879, 28.8772, 29.4665, 30.0559, 30.6452, 31.2345, 31.8239, 32.4132, 33.0025, 33.5919, 34.1812, 34.7705
1.88824, 1.90505, 1.92254, 1.94075, 1.95972, 1.97951, 2.0002, 2.02183, 2.04449, 2.06827, 2.09325, 2.11955, 2.14728, 2.17659, 2.20762, 2.24056, 2.27561, 2.31302, 2.35307, 2.39609, 2.44248, 2.49272, 2.54739, 2.60721, 2.67309, 2.74616, 2.82791, 2.92032, 3.02607, 3.14899, 3.2947, 3.47202, 3.69593, 3.99531, 4.43677, 5.04993, 4.54672, 1.71723, 0.167828, 0.00344309, 1.17107e-05, 3.07e-09, 4.75717e-13, 1.29858e-17, 6.24459e-23, 5.28992e-29, 7.89414e-36, 2.07525e-43, 9.6105e-52, 7.84025e-61, 1.12673e-70, 2.85246e-81, 1.27211e-92, 9.99384e-105, 1.38307e-117, 3.37179e-131, 1.44803e-145, 1.09546e-160, 1.45987e-176, 3.42711e-193
1.88824, 1.90813, 1.92887, 1.95054, 1.9732, 1.99693, 2.02182, 2.04795, 2.07544, 2.1044, 2.13497, 2.16731, 2.20158, 2.23799, 2.27677, 2.31818, 2.36254, 2.41021, 2.46162, 2.5173, 2.57786, 2.64407, 2.71687, 2.79744, 2.88728, 2.98833, 3.10319, 3.23537, 3.38981, 3.57372, 3.79818, 4.08139, 4.45619, 4.99178, 5.88494, 7.68429, 8.72007, 4.05493, 0.460119, 0.0105311, 4.18532e-05, 1.79222e-08, 2.79786e-12, 7.69443e-17, 3.72769e-22, 3.18138e-28, 4.78299e-35, 1.26675e-42, 5.91002e-51, 4.85725e-60, 7.03225e-70, 1.79348e-80, 8.05747e-92, 6.3767e-104, 8.8897e-117, 2.18308e-130, 9.44372e-145, 7.19622e-160, 9.65942e-176, 2.28392e-192
21.4902
46.23
 
MEASUREMENT 14
1.4716, 4.41481, 7.36319, 10.3064, 13.2548, 16.2031, 19.1774, 22.1309, 25.0793, 28.0277, 30.9502, 33.8934
1.95838, 2.00047, 2.09907, 2.2787, 2.5705, 2.87745, 3.95945, 1.70597, 0.00367124, -0.00246, -0.00166185, -0.00204648
0.00210827, 0.00200825, 0.00263278, 0.003309, 0.00342342, 0.00337702, 0.00380428, 0.00161768, 0.000411667, 0.000422416, 0.000368404, 0.000397576
0, 0.589331, 1.17866, 1.76799, 2.35732, 2.94665, 3.53598, 4.12532, 4.71465, 5.30398, 5.89331, 6.48264, 7.07197, 7.6613, 8.25063, 8.83996, 9.42929, 10.0186, 10.608, 11.1973, 11.7866, 12.3759, 12.9653, 13.5546, 14.1439, 14.7333, 15.3226, 15.9119, 16.5013, 17.0906, 17.6799, 18.2693, 18.8586, 19.4479, 20.0372, 20.6266, 21.2159, 21.8052, 22.3946, 22.9839, 23.5732, 24.1626, 24.7519, 25.3412, 25.9306, 26.5199, 27.1092, 27.6985, 28.2879, 28.8772, 29.4665, 30.0559, 30.6452, 31.2345, 31.8239, 32.4132, 33.0025, 33.5919, 34.1812, 34.7705
1.86521, 1.88182, 1.8991, 1.91709, 1.93584, 1.95541, 1.97585, 1.99723, 2.01963, 2.04313, 2.06782, 2.09382, 2.12123, 2.15019, 2.18086, 2.21342, 2.24807, 2.28505, 2.32464, 2.36716, 2.41302, 2.46269, 2.51674, 2.57588, 2.64102, 2.71327, 2.7941, 2.88548, 2.99007, 3.11164, 3.25577, 3.4312, 3.65279, 3.94919, 4.3865, 4.99033, 4.4845, 1.69965, 0.168754, 0.0035695, 1.29162e-05, 3.52249e-09, 5.89742e-13, 1.76705e-17, 9.47564e-23, 9.09373e-29, 1.56188e-35, 4.80094e-43, 2.64104e-51, 2.60013e-60, 4.58126e-70, 1.44459e-80, 8.15211e-92, 8.2331e-104, 1.48807e-116, 4.81335e-130, 2.78635e-144, 2.8866e-159, 5.35179e-175, 1.77571e-191
1.86521, 1.88485, 1.90534, 1.92675, 1.94914, 1.97258, 1.99716, 2.02297, 2.05013, 2.07874, 2.10894, 2.14088, 2.17474, 2.21071, 2.24902, 2.28993, 2.33375, 2.38085, 2.43164, 2.48664, 2.54647, 2.61188, 2.68381, 2.76341, 2.85217, 2.95202, 3.06551, 3.19611, 3.34871, 3.53045, 3.75229, 4.03222, 4.40278, 4.93257, 5.81726, 7.59399, 8.59089, 4.00341, 0.461157, 0.0108777, 4.56576e-05, 2.05198e-08, 3.46084e-12, 1.04464e-16, 5.6432e-22, 5.4558e-28, 9.43979e-35, 2.92305e-42, 1.61986e-50, 1.60652e-59, 2.8514e-69, 9.05716e-80, 5.14857e-91, 5.23769e-103, 9.53561e-116, 3.10679e-129, 1.81146e-143, 1.89015e-158, 3.52948e-174, 1.17943e-190
21.4894
46.23
 
MEASUREMENT 15
1.4716, 4.41481, 7.36319, 10.3064, 13.2548, 16.2031, 19.1774, 22.1309, 25.0793, 28.0277, 30.9502, 33.8934
1.94711, 1.98861, 2.08716, 2.2655, 2.55569, 2.8613, 3.93679, 1.69684, 0.00369838, -0.00230151, -0.00146512, -0.00160598
0.00210827, 0.00200825, 0.00263278, 0.003309, 0.00342342, 0.00337702, 0.00380428, 0.00161768, 0.000411667, 0.000422416, 0.000368404, 0.000397576
0, 0.589331, 1.17866, 1.76799, 2.35732, 2.94665, 3.53598, 4.12532, 4.71465, 5.30398, 5.89331, 6.48264, 7.07197, 7.6613, 8.25063, 8.83996, 9.42929, 10.0186, 10.608, 11.1973, 11.7866, 12.3759, 12.9653, 13.5546, 14.1439, 14.7333, 15.3226, 15.9119, 16.5013, 17.0906, 17.6799, 18.2693, 18.8586, 19.4479, 20.0372, 20.6266, 21.2159, 21.8052, 22.3946, 22.9839, 23.5732, 24.1626, 24.7519, 25.3412, 25.9306, 26.5199, 27.1092, 27.6985, 28.2879, 28.8772, 29.4665, 30.0559, 30.6452, 31.2345, 31.8239, 32.4132, 33.0025, 33.5919, 34.1812, 34.7705
1.85405, 1.87058, 1.88776, 1.90565, 1.9243, 1.94376, 1.96409, 1.98535, 2.00763, 2.031, 2.05556, 2.08141, 2.10867, 2.13748, 2.16798, 2.20036, 2.23483, 2.27161, 2.31098, 2.35328, 2.3989, 2.4483, 2.50207, 2.5609, 2.6257, 2.69757, 2.77799, 2.86891, 2.97297, 3.09393, 3.23735, 3.41193, 3.63245, 3.92747, 4.36282, 4.96557, 4.46377, 1.68613, 0.165786, 0.00344771, 1.20665e-05, 3.22835e-09, 5.19677e-13, 1.48607e-17, 7.54913e-23, 6.81249e-29, 1.09211e-35, 3.11011e-43, 1.57339e-51, 1.41398e-60, 2.25735e-70, 6.4018e-81, 3.22516e-92, 2.88632e-104, 4.58863e-117, 1.29588e-130, 6.5011e-145, 5.79363e-160, 9.17179e-176, 2.57927e-192
1.85405, 1.87358, 1.89395, 1.91523, 1.93749, 1.96079, 1.98522, 2.01088, 2.03788, 2.06632, 2.09634, 2.12809, 2.16175, 2.19751, 2.23559, 2.27626, 2.31982, 2.36663, 2.41712, 2.4718, 2.53128, 2.5963, 2.6678, 2.74693, 2.83517, 2.93443, 3.04725, 3.17709, 3.32879, 3.50947, 3.73, 4.00829, 4.37667, 4.90331, 5.78251, 7.55068, 8.54718, 3.97073, 0.452985, 0.0105054, 4.28166e-05, 1.87763e-08, 3.04489e-12, 8.77179e-17, 4.48909e-22, 4.08112e-28, 6.59097e-35, 1.8909e-42, 9.63679e-51, 8.72451e-60, 1.40311e-69, 4.0085e-80, 2.03428e-91, 1.8339e-103, 2.93681e-116, 8.35427e-130, 4.22154e-144, 3.78932e-159, 6.04197e-175, 1.71128e-191
21.4888
46.23
 
MEASUREMENT 16
1.4716, 4.41481, 7.36319, 10.3064, 13.2548, 16.2031, 19.1774, 22.1309, 25.0793, 28.0277, 30.9502, 33.8934
1.92772, 1.96916, 2.06548, 2.24234, 2.52924, 2.83211, 3.89594, 1.67892, 0.00392419, -0.00208803, -0.000626801, -0.00210161
0.00210827, 0.00200825, 0.00263278, 0.003309, 0.00342342, 0.00337702, 0.00380428, 0.00161768, 0.000411667, 0.000422416, 0.000368404, 0.000397576
0, 0.589331, 1.17866, 1.76799, 2.35732, 2.94665, 3.53598, 4.12532, 4.71465, 5.30398, 5.89331, 6.48264, 7.07197, 7.6613, 8.25063, 8.83996, 9.42929, 10.0186, 10.608, 11.1973, 11.7866, 12.3759, 12.9653, 13.5546, 14.1439, 14.7333, 15.3226, 15.9119, 16.5013, 17.0906, 17.6799, 18.2693, 18.8586, 19.4479, 20.0372, 20.6266, 21.2159, 21.8052, 22.3946, 22.9839, 23.5732, 24.1626, 24.7519, 25.3412, 25.9306, 26.5199, 27.1092, 27.6985, 28.2879, 28.8772, 29.4665, 30.0559, 30.6452, 31.2345, 31.8239, 32.4132, 33.0025, 33.5919, 34.1812, 34.7705
1.83542, 1.85177, 1.86878, 1.88649, 1.90494, 1.9242, 1.94432, 1.96537, 1.98741, 2.01054, 2.03485, 2.06043, 2.08741, 2.11592, 2.14611, 2.17816, 2.21227, 2.24867, 2.28764, 2.3295, 2.37464, 2.42353, 2.47674, 2.53497, 2.59908, 2.67021, 2.74979, 2.83976, 2.94273, 3.06243, 3.20434, 3.37709, 3.5953, 3.88721, 4.31799, 4.91349, 4.41424, 1.66769, 0.164325, 0.00343297, 1.21286e-05, 3.26495e-09, 5.32059e-13, 1.54426e-17, 7.98284e-23, 7.34971e-29, 1.2052e-35, 3.51983e-43, 1.83087e-51, 1.69617e-60, 2.79867e-70, 8.22442e-81, 4.30457e-92, 4.01259e-104, 6.66174e-117, 1.96978e-130, 1.03733e-144, 9.72922e-160, 1.62519e-175, 4.83498e-192
1.83542, 1.85475, 1.87492, 1.89598, 1.91801, 1.94108, 1.96527, 1.99068, 2.0174, 2.04555, 2.07527, 2.10671, 2.14003, 2.17543, 2.21313, 2.25339, 2.29651, 2.34286, 2.39284, 2.44697, 2.50586, 2.57023, 2.64101, 2.71935, 2.80671, 2.90498, 3.01667, 3.14521, 3.29541, 3.47428, 3.69263, 3.96817, 4.33292, 4.85444, 5.72533, 7.47585, 8.45716, 3.92916, 0.449189, 0.0104649, 4.3012e-05, 1.90076e-08, 3.12043e-12, 9.12391e-17, 4.75144e-22, 4.40703e-28, 7.28016e-35, 2.14194e-42, 1.1224e-50, 1.0475e-59, 1.74111e-69, 5.15422e-80, 2.71746e-91, 2.55168e-103, 4.26723e-116, 1.27094e-129, 6.7415e-144, 6.36858e-159, 1.07147e-174, 3.21045e-191
21.4885
46.23
 
MEASUREMENT 17
1.4716, 4.41481, 7.36319, 10.3064, 13.2548, 16.2031, 19.1774, 22.1309, 25.0793, 28.0277, 30.9502, 33.8934
1.91392, 1.95489, 2.05238, 2.22734, 2.51263, 2.81281, 3.87017, 1.66822, 0.00344635, -0.00232181, -0.00147678, -0.00206302
0.00210827, 0.00200825, 0.00263278, 0.003309, 0.00342342, 0.00337702, 0.00380428, 0.00161768, 0.000411667, 0.000422416, 0.000368404, 0.000397576
0, 0.589331, 1.17866, 1.76799, 2.35732, 2.94665, 3.53598, 4.12532, 4.71465, 5.30398, 5.89331, 6.48264, 7.07197, 7.6613, 8.25063, 8.83996, 9.42929, 10.0186, 10.608, 11.1973, 11.7866, 12.3759, 12.9653, 13.5546, 14.1439, 14.7333, 15.3226, 15.9119, 16.5013, 17.0906, 17.6799, 18.2693, 18.8586, 19.4479, 20.0372, 20.6266, 21.2159, 21.8052, 22.3946, 22.9839, 23.5732, 24.1626, 24.7519, 25.3412, 25.9306, 26.5199, 27.1092, 27.6985, 28.2879, 28.8772, 29.4665, 30.0559, 30.6452, 31.2345, 31.8239, 32.4132, 33.0025, 33.5919, 34.1812, 34.7705
1.82218, 1.83843, 1.85532, 1.87292, 1.89125, 1.91039, 1.93038, 1.95129, 1.97319, 1.99617, 2.02032, 2.04574, 2.07255, 2.10088, 2.13088, 2.16273, 2.19662, 2.2328, 2.27152, 2.31313, 2.358, 2.40659, 2.45948, 2.51735, 2.58109, 2.6518, 2.73092, 2.82036, 2.92275, 3.04178, 3.18293, 3.35476, 3.57186, 3.86238, 4.29129, 4.88421, 4.38621, 1.65519, 0.16288, 0.00339903, 1.19894e-05, 3.23077e-09, 5.26492e-13, 1.52883e-17, 7.91058e-23, 7.29354e-29, 1.19825e-35, 3.50783e-43, 1.82982e-51, 1.70081e-60, 2.81696e-70, 8.31345e-81, 4.37178e-92, 4.09647e-104, 6.83967e-117, 2.03485e-130, 1.0787e-144, 1.01892e-159, 1.71495e-175, 5.14314e-192
1.82218, 1.84137, 1.86139, 1.88231, 1.90418, 1.92708, 1.9511, 1.97632, 2.00285, 2.03081, 2.06032, 2.09153, 2.12461, 2.15975, 2.19718, 2.23716, 2.27997, 2.32599, 2.37562, 2.42937, 2.48783, 2.55175, 2.62203, 2.69981, 2.78655, 2.88412, 2.99503, 3.12267, 3.27182, 3.44945, 3.66628, 3.93992, 4.3022, 4.82026, 5.68567, 7.42486, 8.39315, 3.89329, 0.444377, 0.0103394, 4.2436e-05, 1.87549e-08, 3.07894e-12, 9.00685e-17, 4.69491e-22, 4.36076e-28, 7.21733e-35, 2.12847e-42, 1.1185e-50, 1.04731e-59, 1.74739e-69, 5.19483e-80, 2.75183e-91, 2.5974e-103, 4.36836e-116, 1.30906e-129, 6.98978e-144, 6.65004e-159, 1.1273e-174, 3.40496e-191
21.4877
46.23
 
MEASUREMENT 18
1.4716, 4.41481, 7.36319, 10.3064, 13.2548, 16.2031, 19.1774, 22.1309, 25.0793, 28.0277, 30.9502, 33.8934
1.92404, 1.9648, 2.06165, 2.24069, 2.52488, 2.82685, 3.88941, 1.67544, 0.00374128, -0.00217719, -0.00152341, -0.0018925
0.00210827, 0.00200825, 0.00263278, 0.003309, 0.00342342, 0.00337702, 0.00380428, 0.00161768, 0.000411667, 0.000422416, 0.000368404, 0.000397576
0, 0.589331, 1.17866, 1.76799, 2.35732, 2.94665, 3.53598, 4.12532, 4.71465, 5.30398, 5.89331, 6.48264, 7.07197, 7.6613, 8.25063, 8.83996, 9.42929, 10.0186, 10.608, 11.1973, 11.7866, 12.3759, 12.9653, 13.5546, 14.1439, 14.7333, 15.3226, 15.9119, 16.5013, 17.0906, 17.6799, 18.2693, 18.8586, 19.4479, 20.0372, 20.6266, 21.2159, 21.8052, 22.3946, 22.9839, 23.5732, 24.1626, 24.7519, 25.3412, 25.9306, 26.5199, 27.1092, 27.6985, 28.2879, 28.8772, 29.4665, 30.0559, 30.6452, 31.2345, 31.8239, 32.4132, 33.0025, 33.5919, 34.1812, 34.7705
1.83168, 1.84801, 1.86499, 1.88267, 1.9011, 1.92033, 1.94042, 1.96143, 1.98344, 2.00654, 2.0308, 2.05635, 2.08329, 2.11176, 2.14191, 2.17391, 2.20797, 2.24431, 2.28323, 2.32503, 2.37012, 2.41894, 2.47208, 2.53024, 2.59428, 2.66532, 2.74481, 2.83468, 2.93754, 3.05712, 3.19892, 3.37152, 3.58959, 3.88135, 4.31204, 4.90859, 4.40911, 1.65892, 0.161795, 0.00332338, 1.13564e-05, 3.00436e-09, 4.71639e-13, 1.30982e-17, 6.43507e-23, 5.59291e-29, 8.5993e-36, 2.33899e-43, 1.12547e-51, 9.58025e-61, 1.44264e-70, 3.84306e-81, 1.81105e-92, 1.5098e-104, 2.22661e-117, 5.809e-131, 2.68096e-145, 2.18882e-160, 3.16125e-176, 8.07673e-193
1.83168, 1.85098, 1.87111, 1.89213, 1.91412, 1.93714, 1.96128, 1.98664, 2.0133, 2.04141, 2.07107, 2.10244, 2.1357, 2.17102, 2.20865, 2.24883, 2.29188, 2.33813, 2.38802, 2.44205, 2.50082, 2.56507, 2.63572, 2.71391, 2.8011, 2.89919, 3.01068, 3.13899, 3.28891, 3.46747, 3.68543, 3.9605, 4.32465, 4.84531, 5.71475, 7.46446, 8.44522, 3.90819, 0.442246, 0.0101301, 4.04391e-05, 1.74641e-08, 2.76198e-12, 7.72749e-17, 3.82473e-22, 3.34891e-28, 5.18737e-35, 1.42144e-42, 6.89041e-51, 5.90876e-60, 8.96353e-70, 2.40543e-80, 1.14191e-91, 9.58962e-104, 1.4246e-116, 3.74376e-130, 1.74037e-144, 1.43118e-159, 2.08192e-175, 5.35731e-192
21.4874
46.23
 
MEASUREMENT 19
1.4716, 4.41481, 7.36319, 10.3064, 13.2548, 16.2031, 19.1774, 22.1309, 25.0793, 28.0277, 30.9502, 33.8934
1.94339, 1.98558, 2.08298, 2.26136, 2.55062, 2.85592, 3.92974, 1.69342, 0.00370205, -0.00227103, -0.00159394, -0.00205093
0.00210827, 0.00200825, 0.00263278, 0.003309, 0.00342342, 0.00337702, 0.00380428, 0.00161768, 0.000411667, 0.000422416, 0.000368404, 0.000397576
0, 0.589331, 1.17866, 1.76799, 2.35732, 2.94665, 3.53598, 4.12532, 4.71465, 5.30398, 5.89331, 6.48264, 7.07197, 7.6613, 8.25063, 8.83996, 9.42929, 10.0186, 10.608, 11.1973, 11.7866, 12.3759, 12.9653, 13.5546, 14.1439, 14.7333, 15.3226, 15.9119, 16.5013, 17.0906, 17.6799, 18.2693, 18.8586, 19.4479, 20.0372, 20.6266, 21.2159, 21.8052, 22.3946, 22.9839, 23.5732, 24.1626, 24.7519, 25.3412, 25.9306, 26.5199, 27.1092, 27.6985, 28.2879, 28.8772, 29.4665, 30.0559, 30.6452, 31.2345, 31.8239, 32.4132, 33.0025, 33.5919, 34.1812, 34.7705
1.84988, 1.86638, 1.88354, 1.90141, 1.92003, 1.93946, 1.95976, 1.981, 2.00325, 2.02659, 2.05112, 2.07694, 2.10417, 2.13294, 2.16341, 2.19576, 2.23018, 2.26693, 2.30626, 2.34852, 2.3941, 2.44346, 2.49718, 2.55598, 2.62073, 2.69256, 2.77294, 2.86382, 2.96785, 3.0888, 3.23222, 3.40684, 3.62747, 3.92272, 4.35872, 4.96474, 4.46009, 1.6685, 0.160242, 0.00320674, 1.03911e-05, 2.6773e-09, 3.9622e-13, 1.02607e-17, 4.64964e-23, 3.6869e-29, 5.11568e-36, 1.24207e-43, 5.27698e-52, 3.92305e-61, 5.10338e-71, 1.16169e-81, 4.62715e-93, 3.22503e-105, 3.9332e-118, 8.39364e-132, 3.13434e-146, 2.048e-161, 2.34155e-177, 4.68451e-194
1.84988, 1.86937, 1.8897, 1.91093, 1.93314, 1.95639, 1.98078, 2.00638, 2.03332, 2.0617, 2.09166, 2.12335, 2.15694, 2.19262, 2.23063, 2.27121, 2.31469, 2.36141, 2.4118, 2.46637, 2.52573, 2.59063, 2.662, 2.74098, 2.82905, 2.92814, 3.04076, 3.17037, 3.32182, 3.5022, 3.7224, 4.00029, 4.36818, 4.89418, 5.77235, 7.5431, 8.53909, 3.93037, 0.438002, 0.00977469, 3.72614e-05, 1.55293e-08, 2.31539e-12, 6.0409e-17, 2.75792e-22, 2.20324e-28, 3.07993e-35, 7.53384e-43, 3.22468e-51, 2.41518e-60, 3.16522e-70, 7.25851e-81, 2.91258e-92, 2.045e-104, 2.51241e-117, 5.40095e-131, 2.03155e-145, 1.3371e-160, 1.53983e-176, 3.1028e-193
21.4861
46.23
 
MEASUREMENT 20
1.4716, 4.41481, 7.36319, 10.3064, 13.2548, 16.2031, 19.1774, 22.1309, 25.0793, 28.0277, 30.9502, 33.8934
1.92352, 1.96503, 2.06216, 2.23915, 2.52571, 2.8275, 3.8907, 1.67586, 0.00371702, -0.00180545, -0.00167989, -0.00175331
0.00210827, 0.00200825, 0.00263278, 0.003309, 0.00342342, 0.00337702, 0.00380428, 0.00161768, 0.000411667, 0.000422416, 0.000368404, 0.000397576
0, 0.589331, 1.17866, 1.76799, 2.35732, 2.94665, 3.53598, 4.12532, 4.71465, 5.30398, 5.89331, 6.48264, 7.07197, 7.6613, 8.25063, 8.83996, 9.42929, 10.0186, 10.608, 11.1973, 11.7866, 12.3759, 12.9653, 13.5546, 14.1439, 14.7333, 15.3226, 15.9119, 16.5013, 17.0906, 17.6799, 18.2693, 18.8586, 19.4479, 20.0372, 20.6266, 21.2159, 21.8052, 22.3946, 22.9839, 23.5732, 24.1626, 24.7519, 25.3412, 25.9306, 26.5199, 27.1092, 27.6985, 28.2879, 28.8772, 29.4665, 30.0559, 30.6452, 31.2345, 31.8239, 32.4132, 33.0025, 33.5919, 34.1812, 34.7705
1.83117, 1.84751, 1.8645, 1.88219, 1.90063, 1.91987, 1.93997, 1.96099, 1.98302, 2.00613, 2.03042, 2.05598, 2.08294, 2.11143, 2.1416, 2.17363, 2.20772, 2.2441, 2.28305, 2.3249, 2.37003, 2.41891, 2.47211, 2.53033, 2.59445, 2.66559, 2.74519, 2.83519, 2.93822, 3.05801, 3.20008, 3.37305, 3.59162, 3.88418, 4.31633, 4.91561, 4.41195, 1.65167, 0.159408, 0.00322236, 1.06689e-05, 2.78462e-09, 4.23196e-13, 1.13173e-17, 5.3256e-23, 4.40981e-29, 6.42533e-36, 1.64738e-43, 7.43217e-52, 5.9001e-61, 8.24183e-71, 2.02586e-81, 8.76219e-93, 6.66861e-105, 8.93048e-118, 2.10441e-131, 8.72574e-146, 6.3663e-161, 8.17307e-177, 1.84627e-193
1.83117, 1.85046, 1.87059, 1.89161, 1.91359, 1.93661, 1.96075, 1.9861, 2.01276, 2.04086, 2.07052, 2.10189, 2.13514, 2.17046, 2.20808, 2.24826, 2.2913, 2.33755, 2.38744, 2.44146, 2.50023, 2.56448, 2.63513, 2.71332, 2.80051, 2.8986, 3.0101, 3.13842, 3.28837, 3.46697, 3.685, 3.96017, 4.32451, 4.84554, 5.71592, 7.46899, 8.444, 3.88739, 0.435221, 0.00980938, 3.81023e-05, 1.61382e-08, 2.47089e-12, 6.65703e-17, 3.15598e-22, 2.63277e-28, 3.86468e-35, 9.98241e-43, 4.53708e-51, 3.62857e-60, 5.10633e-70, 1.26443e-80, 5.50927e-92, 4.22379e-104, 5.69793e-117, 1.3525e-130, 5.64887e-145, 4.15133e-160, 5.36798e-176, 1.22133e-192
21.4855
46.23
 
MEASUREMENT 21
1.4716, 4.41481, 7.36319, 10.3064, 13.2548, 16.2031, 19.1774, 22.1309, 25.0793, 28.0277, 30.9502, 33.8934
1.91771, 1.95922, 2.05639, 2.23182, 2.51792, 2.81911, 3.87817, 1.6714, 0.00376498, -0.00238154, -0.0014364, -0.00206827
0.00210827, 0.00200825, 0.00263278, 0.003309, 0.00342342, 0.00337702, 0.00380428, 0.00161768, 0.000411667, 0.000422416, 0.000368404, 0.000397576
0, 0.589331, 1.17866, 1.76799, 2.35732, 2.94665, 3.53598, 4.12532, 4.71465, 5.30398, 5.89331, 6.48264, 7.07197, 7.6613, 8.25063, 8.83996, 9.42929, 10.0186, 10.608, 11.1973, 11.7866, 12.3759, 12.9653, 13.5546, 14.1439, 14.7333, 15.3226, 15.9119, 16.5013, 17.0906, 17.6799, 18.2693, 18.8586, 19.4479, 20.0372, 20.6266, 21.2159, 21.8052, 22.3946, 22.9839, 23.5732, 24.1626, 24.7519, 25.3412, 25.9306, 26.5199, 27.1092, 27.6985, 28.2879, 28.8772, 29.4665, 30.0559, 30.6452, 31.2345, 31.8239, 32.4132, 33.0025, 33.5919, 34.1812, 34.7705
1.82663, 1.84291, 1.85984, 1.87746, 1.89583, 1.915, 1.93502, 1.95597, 1.97792, 2.00094, 2.02513, 2.0506, 2.07746, 2.10583, 2.13589, 2.16779, 2.20174, 2.23797, 2.27676, 2.31843, 2.36336, 2.41203, 2.46499, 2.52295, 2.58678, 2.65758, 2.7368, 2.82635, 2.92885, 3.048, 3.18926, 3.36121, 3.5784, 3.86891, 4.29757, 4.89253, 4.40105, 1.65908, 0.161888, 0.0033192, 1.12867e-05, 2.96804e-09, 4.61384e-13, 1.26527e-17, 6.12117e-23, 5.22411e-29, 7.86534e-36, 2.08905e-43, 9.78828e-52, 8.09074e-61, 1.17976e-70, 3.03476e-81, 1.37713e-92, 1.10242e-104, 1.55683e-117, 3.87841e-131, 1.70445e-145, 1.32139e-160, 1.80715e-176, 4.35987e-193
1.82663, 1.84587, 1.86594, 1.8869, 1.90882, 1.93178, 1.95585, 1.98114, 2.00773, 2.03575, 2.06533, 2.09661, 2.12977, 2.165, 2.20251, 2.24258, 2.2855, 2.33162, 2.38136, 2.43523, 2.49382, 2.55788, 2.62832, 2.70628, 2.79321, 2.891, 3.00214, 3.13005, 3.2795, 3.45748, 3.67472, 3.94885, 4.31169, 4.83032, 5.69573, 7.43849, 8.42977, 3.91025, 0.44282, 0.0101264, 4.02402e-05, 1.72692e-08, 2.7045e-12, 7.47192e-17, 3.64173e-22, 3.1312e-28, 4.74941e-35, 1.27084e-42, 5.99884e-51, 4.99531e-60, 7.33798e-70, 1.90154e-80, 8.69262e-92, 7.00982e-104, 9.97181e-117, 2.50236e-130, 1.10772e-144, 8.65002e-160, 1.19153e-175, 2.89531e-192
21.4889
46.23
 
MEASUREMENT 22
1.4716, 4.41481, 7.36319, 10.3064, 13.2548, 16.2031, 19.1774, 22.1309, 25.0793, 28.0277, 30.9502, 33.8934
1.92326, 1.9645, 2.06116, 2.23458, 2.52413, 2.82594, 3.88814, 1.67519, 0.00351435, -0.00240252, -0.00163685, -0.00210148
0.00210827, 0.00200825, 0.00263278, 0.003309, 0.00342342, 0.00337702, 0.00380428, 0.00161768, 0.000411667, 0.000422416, 0.000368404, 0.000397576
0, 0.589331, 1.17866, 1.76799, 2.35732, 2.94665, 3.53598, 4.12532, 4.71465, 5.30398, 5.89331, 6.48264, 7.07197, 7.6613, 8.25063, 8.83996, 9.42929, 10.0186, 10.608, 11.1973, 11.7866, 12.3759, 12.9653, 13.5546, 14.1439, 14.7333, 15.3226, 15.9119, 16.5013, 17.0906, 17.6799, 18.2693, 18.8586, 19.4479, 20.0372, 20.6266, 21.2159, 21.8052, 22.3946, 22.9839, 23.5732, 24.1626, 24.7519, 25.3412, 25.9306, 26.5199, 27.1092, 27.6985, 28.2879, 28.8772, 29.4665, 30.0559, 30.6452, 31.2345, 31.8239, 32.4132, 33.0025, 33.5919, 34.1812, 34.7705
1.83025, 1.84658, 1.86355, 1.88123, 1.89965, 1.91888, 1.93896, 1.95997, 1.98198, 2.00507, 2.02934, 2.05488, 2.08182, 2.11029, 2.14043, 2.17244, 2.20649, 2.24284, 2.28176, 2.32357, 2.36866, 2.41749, 2.47064, 2.5288, 2.59286, 2.66392, 2.74344, 2.83335, 2.93626, 3.05591, 3.19779, 3.37053, 3.58878, 3.88084, 4.31211, 4.91149, 4.41248, 1.65134, 0.15873, 0.00318075, 1.03351e-05, 2.66591e-09, 3.95641e-13, 1.02794e-17, 4.67562e-23, 3.72324e-29, 5.1905e-36, 1.26679e-43, 5.41258e-52, 4.04864e-61, 5.30174e-71, 1.21543e-81, 4.87804e-93, 3.42737e-105, 4.21578e-118, 9.07805e-132, 3.4222e-146, 2.25848e-161, 2.60928e-177, 5.27742e-194
1.83025, 1.84953, 1.86964, 1.89065, 1.91262, 1.93563, 1.95976, 1.98509, 2.01174, 2.03982, 2.06946, 2.10082, 2.13405, 2.16935, 2.20695, 2.24711, 2.29012, 2.33635, 2.3862, 2.44019, 2.49892, 2.56314, 2.63374, 2.71188, 2.79902, 2.89705, 3.00847, 3.1367, 3.28655, 3.46501, 3.68286, 3.95778, 4.32176, 4.84213, 5.71091, 7.46259, 8.44827, 3.8901, 0.433891, 0.00969606, 3.70486e-05, 1.54661e-08, 2.31243e-12, 6.053e-17, 2.77384e-22, 2.22535e-28, 3.12553e-35, 7.68513e-43, 3.30812e-51, 2.49294e-60, 3.28882e-70, 7.59564e-81, 3.07102e-92, 2.17367e-104, 2.69336e-117, 5.84229e-131, 2.21849e-145, 1.47475e-160, 1.71616e-176, 3.49607e-193
21.4862
46.23
 
MEASUREMENT 23
1.4716, 4.41481, 7.36319, 10.3064, 13.2548, 16.2031, 19.1774, 22.1309, 25.0793, 28.0277, 30.9502, 33.8934
1.93452, 1.97669, 2.07448, 2.25163, 2.53979, 2.84331, 3.91195, 1.68578, 0.00393261, -0.00227828, -0.00159178, -0.00184061
0.00210827, 0.00200825, 0.00263278, 0.003309, 0.00342342, 0.00337702, 0.00380428, 0.00161768, 0.000411667, 0.000422416, 0.000368404, 0.000397576
0, 0.589331, 1.17866, 1.76799, 2.35732, 2.94665, 3.53598, 4.12532, 4.71465, 5.30398, 5.89331, 6.48264, 7.07197, 7.6613, 8.25063, 8.83996, 9.42929, 10.0186, 10.608, 11.1973, 11.7866, 12.3759, 12.9653, 13.5546, 14.1439, 14.7333, 15.3226, 15.9119, 16.5013, 17.0906, 17.6799, 18.2693, 18.8586, 19.4479, 20.0372, 20.6266, 21.2159, 21.8052, 22.3946, 22.9839, 23.5732, 24.1626, 24.7519, 25.3412, 25.9306, 26.5199, 27.1092, 27.6985, 28.2879, 28.8772, 29.4665, 30.0559, 30.6452, 31.2345, 31.8239, 32.4132, 33.0025, 33.5919, 34.1812, 34.7705
1.84208, 1.8585, 1.87558, 1.89337, 1.9119, 1.93125, 1.95145, 1.97259, 1.99474, 2.01797, 2.04238, 2.06808, 2.09518, 2.12382, 2.15415, 2.18634, 2.22061, 2.25717, 2.29632, 2.33838, 2.38374, 2.43286, 2.48633, 2.54483, 2.60927, 2.68075, 2.76073, 2.85116, 2.95466, 3.075, 3.21768, 3.3914, 3.61087, 3.90456, 4.33816, 4.93871, 4.43512, 1.66756, 0.162484, 0.0033341, 1.13725e-05, 3.00839e-09, 4.71744e-13, 1.30866e-17, 6.4224e-23, 5.5759e-29, 8.56405e-36, 2.32697e-43, 1.11853e-51, 9.51149e-61, 1.43085e-70, 3.80788e-81, 1.79273e-92, 1.49309e-104, 2.19988e-117, 5.73391e-131, 2.64388e-145, 2.15659e-160, 3.11194e-176, 7.94381e-193
1.84208, 1.86148, 1.88172, 1.90287, 1.92498, 1.94813, 1.97241, 1.99791, 2.02473, 2.05299, 2.08282, 2.11438, 2.14782, 2.18335, 2.22119, 2.26161, 2.30489, 2.35141, 2.40159, 2.45592, 2.51503, 2.57965, 2.65071, 2.72935, 2.81704, 2.91569, 3.02782, 3.15687, 3.30766, 3.48725, 3.70648, 3.98316, 4.34945, 4.87321, 5.74796, 7.50829, 8.4919, 3.92648, 0.443854, 0.0101557, 4.04786e-05, 1.74703e-08, 2.75987e-12, 7.71306e-17, 3.81342e-22, 3.33542e-28, 5.16099e-35, 1.41273e-42, 6.84111e-51, 5.8605e-60, 8.8814e-70, 2.38103e-80, 1.12923e-91, 9.47397e-104, 1.40609e-116, 3.69165e-130, 1.71457e-144, 1.40869e-159, 2.04738e-175, 5.26382e-192
21.487
46.23
 
MEASUREMENT 24
1.4716, 4.41481, 7.36319, 10.3064, 13.2548, 16.2031, 19.1774, 22.1309, 25.0793, 28.0277, 30.9502, 33.8934
1.95594, 1.9982, 2.09697, 2.27913, 2.56768, 2.8746, 3.9551, 1.70427, 0.00364894, -0.00203046, -0.00150106, -0.00212749
0.00210827, 0.00200825, 0.00263278, 0.003309, 0.00342342, 0.00337702, 0.00380428, 0.00161768, 0.000411667, 0.000422416, 0.000368404, 0.000397576
0, 0.589331, 1.17866, 1.76799, 2.35732, 2.94665, 3.53598, 4.12532, 4.71465, 5.30398, 5.89331, 6.48264, 7.07197, 7.6613, 8.25063, 8.83996, 9.42929, 10.0186, 10.608, 11.1973, 11.7866, 12.3759, 12.9653, 13.5546, 14.1439, 14.7333, 15.3226, 15.9119, 16.5013, 17.0906, 17.6799, 18.2693, 18.8586, 19.4479, 20.0372, 20.6266, 21.2159, 21.8052, 22.3946, 22.9839, 23.5732, 24.1626, 24.7519, 25.3412, 25.9306, 26.5199, 27.1092, 27.6985, 28.2879, 28.8772, 29.4665, 30.0559, 30.6452, 31.2345, 31.8239, 32.4132, 33.0025, 33.5919, 34.1812, 34.7705
1.86271, 1.87931, 1.89658, 1.91456, 1.9333, 1.95286, 1.97328, 1.99465, 2.01704, 2.04053, 2.06521, 2.09119, 2.11859, 2.14754, 2.1782, 2.21074, 2.24538, 2.28234, 2.32192, 2.36443, 2.41028, 2.45994, 2.51398, 2.57312, 2.63825, 2.7105, 2.79135, 2.88275, 2.98736, 3.10899, 3.2532, 3.42876, 3.65057, 3.94738, 4.38556, 4.99053, 4.47953, 1.69079, 0.166697, 0.00349223, 1.24163e-05, 3.36276e-09, 5.53625e-13, 1.62756e-17, 8.54399e-23, 8.00912e-29, 1.34063e-35, 4.00712e-43, 2.13873e-51, 2.03834e-60, 3.46891e-70, 1.05416e-80, 5.72027e-92, 5.54268e-104, 9.58996e-117, 2.96283e-130, 1.63451e-144, 1.61012e-159, 2.83217e-175, 8.89543e-192
1.86271, 1.88233, 1.9028, 1.92418, 1.94654, 1.96995, 1.9945, 2.02028, 2.0474, 2.07598, 2.10615, 2.13805, 2.17187, 2.2078, 2.24606, 2.28692, 2.33069, 2.37773, 2.42847, 2.48341, 2.54318, 2.60852, 2.68036, 2.75988, 2.84855, 2.9483, 3.06168, 3.19217, 3.34464, 3.52623, 3.7479, 4.02766, 4.39806, 4.92776, 5.8128, 7.59067, 8.57659, 3.97908, 0.455022, 0.0106284, 4.39328e-05, 1.95411e-08, 3.24091e-12, 9.59818e-17, 5.07591e-22, 4.79336e-28, 8.08285e-35, 2.43381e-42, 1.30859e-50, 1.25636e-59, 2.15386e-69, 6.59339e-80, 3.60403e-91, 3.51766e-103, 6.13059e-116, 1.9078e-129, 1.06009e-143, 1.0518e-158, 1.86337e-174, 5.89436e-191
21.4875
46.23
 
MEASUREMENT 25
1.4716, 4.41481, 7.36319, 10.3064, 13.2548, 16.2031, 19.1774, 22.1309, 25.0793, 28.0277, 30.9502, 33.8934
1.94929, 1.9908, 2.0889, 2.26789, 2.55811, 2.86402, 3.94048, 1.69727, 0.00369633, -0.00233572, -0.00137719, -0.00181302
0.00210827, 0.00200825, 0.00263278, 0.003309, 0.00342342, 0.00337702, 0.00380428, 0.00161768, 0.000411667, 0.000422416, 0.000368404, 0.000397576
0, 0.589331, 1.17866, 1.76799, 2.35732, 2.94665, 3.53598, 4.12532, 4.71465, 5.30398, 5.89331, 6.48264, 7.07197, 7.6613, 8.25063, 8.83996, 9.42929, 10.0186, 10.608, 11.1973, 11.7866, 12.3759, 12.9653, 13.5546, 14.1439, 14.7333, 15.3226, 15.9119, 16.5013, 17.0906, 17.6799, 18.2693, 18.8586, 19.4479, 20.0372, 20.6266, 21.2159, 21.8052, 22.3946, 22.9839, 23.5732, 24.1626, 24.7519, 25.3412, 25.9306, 26.5199, 27.1092, 27.6985, 28.2879, 28.8772, 29.4665, 30.0559, 30.6452, 31.2345, 31.8239, 32.4132, 33.0025, 33.5919, 34.1812, 34.7705
1.85575, 1.87229, 1.88949, 1.9074, 1.92607, 1.94555, 1.9659, 1.98719, 2.00949, 2.03289, 2.05747, 2.08335, 2.11065, 2.13949, 2.17003, 2.20245, 2.23695, 2.27377, 2.3132, 2.35555, 2.40122, 2.45069, 2.50452, 2.56343, 2.62831, 2.70028, 2.78081, 2.87184, 2.97605, 3.09719, 3.24083, 3.41568, 3.63658, 3.93214, 4.36841, 4.97265, 4.46652, 1.68053, 0.16391, 0.00336718, 1.15085e-05, 3.04487e-09, 4.78123e-13, 1.32823e-17, 6.52789e-23, 5.67589e-29, 8.73086e-36, 2.37597e-43, 1.1439e-51, 9.74298e-61, 1.4681e-70, 3.91362e-81, 1.84569e-92, 1.53991e-104, 2.27293e-117, 5.93514e-131, 2.74176e-145, 2.24068e-160, 3.23953e-176, 8.28579e-193
1.85575, 1.87529, 1.89569, 1.91699, 1.93926, 1.96259, 1.98705, 2.01273, 2.03975, 2.06822, 2.09828, 2.13006, 2.16375, 2.19955, 2.23767, 2.27838, 2.32198, 2.36885, 2.41939, 2.47413, 2.53367, 2.59877, 2.67035, 2.74956, 2.8379, 2.93728, 3.05023, 3.18022, 3.33212, 3.51302, 3.73385, 4.01253, 4.38146, 4.90896, 5.78982, 7.56251, 8.55612, 3.95959, 0.448092, 0.0102651, 4.09864e-05, 1.77033e-08, 2.80053e-12, 7.83778e-17, 3.8807e-22, 3.39931e-28, 5.26782e-35, 1.44421e-42, 7.00468e-51, 6.01037e-60, 9.12361e-70, 2.4501e-80, 1.16399e-91, 9.78284e-104, 1.45454e-116, 3.82585e-130, 1.78021e-144, 1.4654e-159, 2.13392e-175, 5.49712e-192
21.4874
46.23
 
MEASUREMENT 26
1.4716, 4.41481, 7.36319, 10.3064, 13.2548, 16.2031, 19.1774, 22.1309, 25.0793, 28.0277, 30.9502, 33.8934
1.9226, 1.96336, 2.06095, 2.23405, 2.521, 2.82525, 3.89013, 1.67475, 0.0037199, -0.00193363, -0.00150035, -0.00194301
0.00210827, 0.00200825, 0.00263278, 0.003309, 0.00342342, 0.00337702, 0.00380428, 0.00161768, 0.000411667, 0.000422416, 0.000368404, 0.000397576
0, 0.589331, 1.17866, 1.76799, 2.35732, 2.94665, 3.53598, 4.12532, 4.71465, 5.30398, 5.89331, 6.48264, 7.07197, 7.6613, 8.25063, 8.83996, 9.42929, 10.0186, 10.608, 11.1973, 11.7866, 12.3759, 12.9653, 13.5546, 14.1439, 14.7333, 15.3226, 15.9119, 16.5013, 17.0906, 17.6799, 18.2693, 18.8586, 19.4479, 20.0372, 20.6266, 21.2159, 21.8052, 22.3946, 22.9839, 23.5732, 24.1626, 24.7519, 25.3412, 25.9306, 26.5199, 27.1092, 27.6985, 28.2879, 28.8772, 29.4665, 30.0559, 30.6452, 31.2345, 31.8239, 32.4132, 33.0025, 33.5919, 34.1812, 34.7705
1.82919, 1.84552, 1.8625, 1.88019, 1.89861, 1.91784, 1.93794, 1.95895, 1.98097, 2.00407, 2.02835, 2.0539, 2.08085, 2.10934, 2.1395, 2.17152, 2.20559, 2.24197, 2.28091, 2.32275, 2.36787, 2.41674, 2.46993, 2.52815, 2.59227, 2.66341, 2.74302, 2.83303, 2.93609, 3.05591, 3.19803, 3.37109, 3.58983, 3.88267, 4.31542, 4.91515, 4.40951, 1.65028, 0.159452, 0.00323316, 1.07779e-05, 2.82834e-09, 4.33972e-13, 1.17436e-17, 5.60463e-23, 4.71737e-29, 7.00259e-36, 1.83325e-43, 8.4643e-52, 6.89229e-61, 9.8978e-71, 2.50678e-81, 1.11968e-92, 8.8201e-105, 1.22532e-117, 3.00211e-131, 1.29718e-145, 9.88482e-161, 1.32841e-176, 3.14839e-193
1.82919, 1.84846, 1.86857, 1.88956, 1.91152, 1.93452, 1.95863, 1.98396, 2.01059, 2.03866, 2.06829, 2.09963, 2.13284, 2.16813, 2.20571, 2.24585, 2.28885, 2.33505, 2.38489, 2.43886, 2.49756, 2.56175, 2.63233, 2.71045, 2.79756, 2.89556, 3.00695, 3.13515, 3.28497, 3.46341, 3.68126, 3.95621, 4.3203, 4.84105, 5.71131, 7.46327, 8.4301, 3.87803, 0.434529, 0.00982206, 3.83786e-05, 1.63521e-08, 2.52768e-12, 6.89098e-17, 3.31321e-22, 2.80946e-28, 4.20147e-35, 1.10811e-42, 5.15425e-51, 4.22812e-60, 6.11683e-70, 1.56063e-80, 7.02212e-92, 5.5722e-104, 7.79784e-117, 1.92446e-130, 8.37587e-145, 6.42886e-160, 8.70199e-176, 2.07722e-192
21.4849
46.23
 
MEASUREMENT 27
1.4716, 4.41481, 7.36319, 10.3064, 13.2548, 16.2031, 19.1774, 22.1309, 25.0793, 28.0277, 30.9502, 33.8934
1.90724, 1.94878, 2.0453, 2.22274, 2.50688, 2.80379, 3.85478, 1.66179, 0.00358295, -0.00236483, -0.0017913, -0.00204873
0.00210827, 0.00200825, 0.00263278, 0.003309, 0.00342342, 0.00337702, 0.00380428, 0.00161768, 0.000411667, 0.000422416, 0.000368404, 0.000397576
0, 0.589331, 1.17866, 1.76799, 2.35732, 2.94665, 3.53598, 4.12532, 4.71465, 5.30398, 5.89331, 6.48264, 7.07197, 7.6613, 8.25063, 8.83996, 9.42929, 10.0186, 10.608, 11.1973, 11.7866, 12.3759, 12.9653, 13.5546, 14.1439, 14.7333, 15.3226, 15.9119, 16.5013, 17.0906, 17.6799, 18.2693, 18.8586, 19.4479, 20.0372, 20.6266, 21.2159, 21.8052, 22.3946, 22.9839, 23.5732, 24.1626, 24.7519, 25.3412, 25.9306, 26.5199, 27.1092, 27.6985, 28.2879, 28.8772, 29.4665, 30.0559, 30.6452, 31.2345, 31.8239, 32.4132, 33.0025, 33.5919, 34.1812, 34.7705
1.8167, 1.83289, 1.84973, 1.86726, 1.88554, 1.9046, 1.92452, 1.94536, 1.96719, 1.99009, 2.01416, 2.03949, 2.0662, 2.09443, 2.12433, 2.15606, 2.18983, 2.22587, 2.26446, 2.30591, 2.35062, 2.39903, 2.45172, 2.50938, 2.57288, 2.64332, 2.72214, 2.81124, 2.91322, 3.03177, 3.17234, 3.34345, 3.55958, 3.84871, 4.27542, 4.86914, 4.37781, 1.63925, 0.157323, 0.00313852, 1.00959e-05, 2.58394e-09, 3.78102e-13, 9.65356e-18, 4.30051e-23, 3.34276e-29, 4.53358e-36, 1.07283e-43, 4.42963e-52, 3.19121e-61, 4.01136e-71, 8.79784e-82, 3.36672e-93, 2.24794e-105, 2.61882e-118, 5.32319e-132, 1.8879e-146, 1.16823e-161, 1.26131e-177, 2.37602e-194
1.8167, 1.83584, 1.8558, 1.87665, 1.89846, 1.92129, 1.94524, 1.97038, 1.99684, 2.02471, 2.05413, 2.08524, 2.11823, 2.15327, 2.19058, 2.23044, 2.27313, 2.31901, 2.36849, 2.42207, 2.48036, 2.54409, 2.61416, 2.69171, 2.77819, 2.87547, 2.98604, 3.1133, 3.26199, 3.43907, 3.65523, 3.928, 4.28906, 4.80516, 5.66629, 7.40379, 8.39274, 3.86909, 0.431051, 0.00959211, 3.63316e-05, 1.50352e-08, 2.21655e-12, 5.70164e-17, 2.55904e-22, 2.00404e-28, 2.73834e-35, 6.52855e-43, 2.71577e-51, 1.97112e-60, 2.49618e-70, 5.51544e-81, 2.12629e-92, 1.43022e-104, 1.67848e-117, 3.43688e-131, 1.22784e-145, 7.6533e-161, 8.32303e-177, 1.57921e-193
21.4872
46.23
 
MEASUREMENT 28
1.4716, 4.41481, 7.36319, 10.3064, 13.2548, 16.2031, 19.1774, 22.1309, 25.0793, 28.0277, 30.9502, 33.8934
1.91026, 1.95194, 2.04769, 2.22311, 2.50755, 2.80741, 3.86305, 1.66375, 0.00385262, -0.00215791, -0.00148375, -0.00190652
0.00210827, 0.00200825, 0.00263278, 0.003309, 0.00342342, 0.00337702, 0.00380428, 0.00161768, 0.000411667, 0.000422416, 0.000368404, 0.000397576
0, 0.589331, 1.17866, 1.76799, 2.35732, 2.94665, 3.53598, 4.12532, 4.71465, 5.30398, 5.89331, 6.48264, 7.07197, 7.6613, 8.25063, 8.83996, 9.42929, 10.0186, 10.608, 11.1973, 11.7866, 12.3759, 12.9653, 13.5546, 14.1439, 14.7333, 15.3226, 15.9119, 16.5013, 17.0906, 17.6799, 18.2693, 18.8586, 19.4479, 20.0372, 20.6266, 21.2159, 21.8052, 22.3946, 22.9839, 23.5732, 24.1626, 24.7519, 25.3412, 25.9306, 26.5199, 27.1092, 27.6985, 28.2879, 28.8772, 29.4665, 30.0559, 30.6452, 31.2345, 31.8239, 32.4132, 33.0025, 33.5919, 34.1812, 34.7705
1.81874, 1.83496, 1.85183, 1.86939, 1.88769, 1.90679, 1.92675, 1.94762, 1.96948, 1.99243, 2.01653, 2.04191, 2.06867, 2.09695, 2.1269, 2.15869, 2.19252, 2.22863, 2.26729, 2.30882, 2.35361, 2.40212, 2.45492, 2.51269, 2.57632, 2.64691, 2.7259, 2.8152, 2.91742, 3.03625, 3.17717, 3.34872, 3.56547, 3.85551, 4.28375, 4.8783, 4.38178, 1.6415, 0.158283, 0.00318952, 1.04844e-05, 2.72006e-09, 4.08997e-13, 1.07933e-17, 4.99896e-23, 4.06348e-29, 5.79704e-36, 1.45146e-43, 6.37814e-52, 4.91894e-61, 6.65789e-71, 1.58157e-81, 6.59367e-93, 4.82448e-105, 6.19524e-118, 1.3962e-131, 5.52232e-146, 3.83332e-161, 4.6699e-177, 9.98433e-194
1.81874, 1.8379, 1.85789, 1.87876, 1.9006, 1.92346, 1.94743, 1.97261, 1.99909, 2.027, 2.05645, 2.08761, 2.12063, 2.15571, 2.19307, 2.23297, 2.27572, 2.32165, 2.37119, 2.42484, 2.4832, 2.54701, 2.61717, 2.69482, 2.78141, 2.87882, 2.98954, 3.11696, 3.26586, 3.44319, 3.65967, 3.93286, 4.29454, 4.81166, 5.67508, 7.41515, 8.39252, 3.86811, 0.432798, 0.0097258, 3.75388e-05, 1.57941e-08, 2.39258e-12, 6.3611e-17, 2.96819e-22, 2.43076e-28, 3.49367e-35, 8.81273e-43, 3.90144e-51, 3.03126e-60, 4.13336e-70, 9.89153e-81, 4.15434e-92, 3.06208e-104, 3.96101e-117, 8.99221e-131, 3.58259e-145, 2.50493e-160, 3.0737e-176, 6.61896e-193
21.4864
46.23
 
MEASUREMENT 29
1.4716, 4.41481, 7.36319, 10.3064, 13.2548, 16.2031, 19.1774, 22.1309, 25.0793, 28.0277, 30.9502, 33.8934
1.92412, 1.96596, 2.06323, 2.23996, 2.5263, 2.82904, 3.89174, 1.67741, 0.00345377, -0.00236303, -0.00139831, -0.00219794
0.00210827, 0.00200825, 0.00263278, 0.003309, 0.00342342, 0.00337702, 0.00380428, 0.00161768, 0.000411667, 0.000422416, 0.000368404, 0.000397576
0, 0.589331, 1.17866, 1.76799, 2.35732, 2.94665, 3.53598, 4.12532, 4.71465, 5.30398, 5.89331, 6.48264, 7.07197, 7.6613, 8.25063, 8.83996, 9.42929, 10.0186, 10.608, 11.1973, 11.7866, 12.3759, 12.9653, 13.5546, 14.1439, 14.7333, 15.3226, 15.9119, 16.5013, 17.0906, 17.6799, 18.2693, 18.8586, 19.4479, 20.0372, 20.6266, 21.2159, 21.8052, 22.3946, 22.9839, 23.5732, 24.1626, 24.7519, 25.3412, 25.9306, 26.5199, 27.1092, 27.6985, 28.2879, 28.8772, 29.4665, 30.0559, 30.6452, 31.2345, 31.8239, 32.4132, 33.0025, 33.5919, 34.1812, 34.7705
1.83229, 1.84863, 1.86562, 1.88332, 1.90176, 1.921, 1.9411, 1.96213, 1.98416, 2.00728, 2.03157, 2.05713, 2.0841, 2.11259, 2.14276, 2.17479, 2.20888, 2.24526, 2.28421, 2.32605, 2.37118, 2.42006, 2.47325, 2.53146, 2.59557, 2.66668, 2.74627, 2.83623, 2.93922, 3.05894, 3.20091, 3.37374, 3.5921, 3.88425, 4.31557, 4.91554, 4.41925, 1.65573, 0.159265, 0.0031911, 1.03604e-05, 2.66667e-09, 3.94549e-13, 1.02091e-17, 4.61987e-23, 3.65616e-29, 5.06028e-36, 1.22483e-43, 5.18478e-52, 3.83827e-61, 4.96924e-71, 1.12511e-81, 4.455e-93, 3.08495e-105, 3.7359e-118, 7.91203e-132, 2.93038e-146, 1.89804e-161, 2.14994e-177, 4.25881e-194
1.83229, 1.85159, 1.87172, 1.89276, 1.91475, 1.93778, 1.96193, 1.9873, 2.01397, 2.04208, 2.07176, 2.10314, 2.13641, 2.17175, 2.20939, 2.24959, 2.29264, 2.33892, 2.38882, 2.44287, 2.50166, 2.56594, 2.63661, 2.71483, 2.80206, 2.90018, 3.0117, 3.14006, 3.29004, 3.46865, 3.68668, 3.96183, 4.32605, 4.84671, 5.71566, 7.46812, 8.46127, 3.90125, 0.4355, 0.00973171, 3.71532e-05, 1.54784e-08, 2.30724e-12, 6.01475e-17, 2.7422e-22, 2.18642e-28, 3.04874e-35, 7.43461e-43, 3.17062e-51, 2.3647e-60, 3.08427e-70, 7.03512e-81, 2.80628e-92, 1.95762e-104, 2.38816e-117, 5.09485e-131, 1.90078e-145, 1.24012e-160, 1.41489e-176, 2.82298e-193
21.487
46.23
 
MEASUREMENT 30
1.4716, 4.41481, 7.36319, 10.3064, 13.2548, 16.2031, 19.1774, 22.1309, 25.0793, 28.0277, 30.9502, 33.8934
1.90939, 1.94959, 2.04608, 2.22113, 2.50548, 2.80515, 3.85974, 1.66266, 0.00384061, -0.00218834, -0.00169986, -0.00193065
0.00210827, 0.00200825, 0.00263278, 0.003309, 0.00342342, 0.00337702, 0.00380428, 0.00161768, 0.000411667, 0.000422416, 0.000368404, 0.000397576
0, 0.589331, 1.17866, 1.76799, 2.35732, 2.94665, 3.53598, 4.12532, 4.71465, 5.30398, 5.89331, 6.48264, 7.07197, 7.6613, 8.25063, 8.83996, 9.42929, 10.0186, 10.608, 11.1973, 11.7866, 12.3759, 12.9653, 13.5546, 14.1439, 14.7333, 15.3226, 15.9119, 16.5013, 17.0906, 17.6799, 18.2693, 18.8586, 19.4479, 20.0372, 20.6266, 21.2159, 21.8052, 22.3946, 22.9839, 23.5732, 24.1626, 24.7519, 25.3412, 25.9306, 26.5199, 27.1092, 27.6985, 28.2879, 28.8772, 29.4665, 30.0559, 30.6452, 31.2345, 31.8239, 32.4132, 33.0025, 33.5919, 34.1812, 34.7705
1.81789, 1.83408, 1.85093, 1.86847, 1.88675, 1.90583, 1.92575, 1.9466, 1.96844, 1.99135, 2.01542, 2.04076, 2.06749, 2.09573, 2.12563, 2.15738, 2.19116, 2.22721, 2.26581, 2.30728, 2.35199, 2.40042, 2.45312, 2.51079, 2.5743, 2.64475, 2.72358, 2.81269, 2.91468, 3.03323, 3.17379, 3.34487, 3.56096, 3.84998, 4.27641, 4.86927, 4.38101, 1.64745, 0.159567, 0.00322917, 1.06921e-05, 2.77108e-09, 4.17748e-13, 1.10445e-17, 5.12082e-23, 4.16387e-29, 5.93771e-36, 1.48492e-43, 6.51251e-52, 5.00904e-61, 6.75649e-71, 1.59826e-81, 6.63026e-93, 4.8236e-105, 6.15416e-118, 1.37696e-131, 5.4029e-146, 3.7178e-161, 4.48639e-177, 9.49419e-194
1.81789, 1.83703, 1.85701, 1.87787, 1.89969, 1.92254, 1.9465, 1.97166, 1.99812, 2.02601, 2.05545, 2.08658, 2.11958, 2.15464, 2.19198, 2.23185, 2.27457, 2.32047, 2.36997, 2.42359, 2.4819, 2.54566, 2.61576, 2.69335, 2.77986, 2.87719, 2.9878, 3.1151, 3.26384, 3.44098, 3.65719, 3.93, 4.2911, 4.80719, 5.66813, 7.40379, 8.39594, 3.88657, 0.436983, 0.00986439, 3.83017e-05, 1.61326e-08, 2.45021e-12, 6.52632e-17, 3.04859e-22, 2.49743e-28, 3.58798e-35, 9.03996e-43, 3.9943e-51, 3.09508e-60, 4.20587e-70, 1.00229e-80, 4.1887e-92, 3.06983e-104, 3.94545e-117, 8.89246e-131, 3.51471e-145, 2.43611e-160, 2.96103e-176, 6.31139e-193
21.4886
46.23
 
MEASUREMENT 31
1.4716, 4.41481, 7.36319, 10.3064, 13.2548, 16.2031, 19.1774, 22.1309, 25.0793, 28.0277, 30.9502, 33.8934
1.88484, 1.92459, 2.01998, 2.1899, 2.47075, 2.76956, 3.81326, 1.64133, 0.00335195, -0.00235583, -0.00143953, -0.0020521
0.00210827, 0.00200825, 0.00263278, 0.003309, 0.00342342, 0.00337702, 0.00380428, 0.00161768, 0.000411667, 0.000422416, 0.000368404, 0.000397576
0, 0.589331, 1.17866, 1.76799, 2.35732, 2.94665, 3.53598, 4.12532, 4.71465, 5.30398, 5.89331, 6.48264, 7.07197, 7.6613, 8.25063, 8.83996, 9.42929, 10.0186, 10.608, 11.1973, 11.7866, 12.3759, 12.9653, 13.5546, 14.1439, 14.7333, 15.3226, 15.9119, 16.5013, 17.0906, 17.6799, 18.2693, 18.8586, 19.4479, 20.0372, 20.6266, 21.2159, 21.8052, 22.3946, 22.9839, 23.5732, 24.1626, 24.7519, 25.3412, 25.9306, 26.5199, 27.1092, 27.6985, 28.2879, 28.8772, 29.4665, 30.0559, 30.6452, 31.2345, 31.8239, 32.4132, 33.0025, 33.5919, 34.1812, 34.7705
1.79344, 1.80944, 1.82609, 1.84341, 1.86147, 1.88032, 1.90001, 1.9206, 1.94218, 1.96482, 1.98861, 2.01365, 2.04006, 2.06796, 2.09752, 2.12889, 2.16228, 2.19792, 2.23607, 2.27706, 2.32127, 2.36915, 2.42126, 2.47829, 2.5411, 2.61079, 2.68877, 2.77693, 2.87786, 2.99521, 3.13438, 3.30383, 3.51796, 3.8046, 4.228, 4.81396, 4.32071, 1.6239, 0.158426, 0.0032622, 1.1213e-05, 2.98521e-09, 4.73306e-13, 1.33106e-17, 6.63965e-23, 5.87464e-29, 9.21946e-36, 2.56636e-43, 1.26712e-51, 1.10969e-60, 1.72375e-70, 4.74931e-81, 2.32097e-92, 2.01184e-104, 3.09312e-117, 8.43494e-131, 4.07988e-145, 3.50018e-160, 5.32612e-176, 1.4375e-192
1.79344, 1.81233, 1.83204, 1.85263, 1.87416, 1.8967, 1.92034, 1.94517, 1.97128, 1.9988, 2.02785, 2.05857, 2.09113, 2.12572, 2.16257, 2.20192, 2.24407, 2.28936, 2.33822, 2.39112, 2.44868, 2.5116, 2.58078, 2.65736, 2.74275, 2.83881, 2.948, 3.07366, 3.22051, 3.3954, 3.60891, 3.87838, 4.23516, 4.74543, 5.59806, 7.31283, 8.26218, 3.81665, 0.431816, 0.00991265, 3.9776e-05, 1.72863e-08, 2.76107e-12, 7.82249e-17, 3.931e-22, 3.5039e-28, 5.5397e-35, 1.55348e-42, 7.72701e-51, 6.81706e-60, 1.06675e-69, 2.96078e-80, 1.45756e-91, 1.27268e-103, 1.971e-116, 5.41404e-130, 2.6377e-144, 2.27927e-159, 3.49325e-175, 9.49567e-192
21.4862
46.23
 
MEASUREMENT 32
1.4716, 4.41481, 7.36319, 10.3064, 13.2548, 16.2031, 19.1774, 22.1309, 25.0793, 28.0277, 30.9502, 33.8934
1.90817, 1.94962, 2.04528, 2.22341, 2.50754, 2.80462, 3.85589, 1.6625, 0.00379283, -0.00212609, -0.00171418, -0.00192171
0.00210827, 0.00200825, 0.00263278, 0.003309, 0.00342342, 0.00337702, 0.00380428, 0.00161768, 0.000411667, 0.000422416, 0.000368404, 0.000397576
0, 0.589331, 1.17866, 1.76799, 2.35732, 2.94665, 3.53598, 4.12532, 4.71465, 5.30398, 5.89331, 6.48264, 7.07197, 7.6613, 8.25063, 8.83996, 9.42929, 10.0186, 10.608, 11.1973, 11.7866, 12.3759, 12.9653, 13.5546, 14.1439, 14.7333, 15.3226, 15.9119, 16.5013, 17.0906, 17.6799, 18.2693, 18.8586, 19.4479, 20.0372, 20.6266, 21.2159, 21.8052, 22.3946, 22.9839, 23.5732, 24.1626, 24.7519, 25.3412, 25.9306, 26.5199, 27.1092, 27.6985, 28.2879, 28.8772, 29.4665, 30.0559, 30.6452, 31.2345, 31.8239, 32.4132, 33.0025, 33.5919, 34.1812, 34.7705
1.81723, 1.83343, 1.85027, 1.86781, 1.88609, 1.90516, 1.92509, 1.94593, 1.96777, 1.99067, 2.01475, 2.04009, 2.06681, 2.09505, 2.12495, 2.15669, 2.19047, 2.22653, 2.26513, 2.30659, 2.35131, 2.39974, 2.45245, 2.51013, 2.57364, 2.64411, 2.72295, 2.81208, 2.9141, 3.0327, 3.17332, 3.3445, 3.56074, 3.85005, 4.27707, 4.86903, 4.37405, 1.64374, 0.159716, 0.0032589, 1.09861e-05, 2.88415e-09, 4.45656e-13, 1.21447e-17, 5.83681e-23, 4.94729e-29, 7.39541e-36, 1.94966e-43, 9.06472e-52, 7.43278e-61, 1.07485e-70, 2.7412e-81, 1.23291e-92, 9.77958e-105, 1.36805e-117, 3.37505e-131, 1.46842e-145, 1.12671e-160, 1.52464e-176, 3.6384e-193
1.81723, 1.83637, 1.85634, 1.8772, 1.89901, 1.92185, 1.9458, 1.97096, 1.99742, 2.0253, 2.05473, 2.08585, 2.11884, 2.15389, 2.19122, 2.23109, 2.27379, 2.31968, 2.36918, 2.42278, 2.48109, 2.54483, 2.61492, 2.6925, 2.779, 2.87632, 2.98693, 3.11422, 3.26296, 3.44011, 3.65635, 3.92924, 4.2905, 4.807, 5.66935, 7.4058, 8.38218, 3.87538, 0.436962, 0.00994343, 3.92285e-05, 1.67777e-08, 2.61178e-12, 7.17046e-17, 3.47186e-22, 2.96469e-28, 4.46476e-35, 1.18581e-42, 5.55431e-51, 4.58817e-60, 6.6841e-70, 1.71727e-80, 7.78076e-92, 6.21718e-104, 8.76094e-117, 2.17716e-130, 9.54142e-145, 7.37419e-160, 1.00506e-175, 2.41573e-192
21.4873
46.23
 
MEASUREMENT 33
1.4716, 4.41481, 7.36319, 10.3064, 13.2548, 16.2031, 19.1774, 22.1309, 25.0793, 28.0277, 30.9502, 33.8934
1.88276, 1.92429, 2.01914, 2.19173, 2.47231, 2.76795, 3.80822, 1.64088, 0.00334187, -0.00224206, -0.00118536, -0.00184977
0.00210827, 0.00200825, 0.00263278, 0.003309, 0.00342342, 0.00337702, 0.00380428, 0.00161768, 0.000411667, 0.000422416, 0.000368404, 0.000397576
0, 0.589331, 1.17866, 1.76799, 2.35732, 2.94665, 3.53598, 4.12532, 4.71465, 5.30398, 5.89331, 6.48264, 7.07197, 7.6613, 8.25063, 8.83996, 9.42929, 10.0186, 10.608, 11.1973, 11.7866, 12.3759, 12.9653, 13.5546, 14.1439, 14.7333, 15.3226, 15.9119, 16.5013, 17.0906, 17.6799, 18.2693, 18.8586, 19.4479, 20.0372, 20.6266, 21.2159, 21.8052, 22.3946, 22.9839, 23.5732, 24.1626, 24.7519, 25.3412, 25.9306, 26.5199, 27.1092, 27.6985, 28.2879, 28.8772, 29.4665, 30.0559, 30.6452, 31.2345, 31.8239, 32.4132, 33.0025, 33.5919, 34.1812, 34.7705
1.79313, 1.80912, 1.82575, 1.84306, 1.8611, 1.87993, 1.8996, 1.92018, 1.94173, 1.96435, 1.98811, 2.01313, 2.03951, 2.06739, 2.09691, 2.12825, 2.1616, 2.1972, 2.23531, 2.27625, 2.3204, 2.36822, 2.42026, 2.47721, 2.53993, 2.60951, 2.68737, 2.7754, 2.87615, 2.99329, 3.13219, 3.30128, 3.51493, 3.80083, 4.22295, 4.80701, 4.31608, 1.62461, 0.158867, 0.00328085, 1.1337e-05, 3.02121e-09, 4.81046e-13, 1.35904e-17, 6.81259e-23, 6.0594e-29, 9.56277e-36, 2.67777e-43, 1.33045e-51, 1.17288e-60, 1.83462e-70, 5.09177e-81, 2.5074e-92, 2.19083e-104, 3.39643e-117, 9.34253e-131, 4.55968e-145, 3.94848e-160, 6.06666e-176, 1.65384e-192
1.79313, 1.81202, 1.83172, 1.8523, 1.87383, 1.89637, 1.92, 1.94482, 1.97093, 1.99844, 2.02748, 2.05819, 2.09075, 2.12534, 2.16217, 2.20151, 2.24365, 2.28893, 2.33777, 2.39066, 2.4482, 2.5111, 2.58027, 2.65682, 2.74218, 2.83821, 2.94736, 3.07298, 3.21977, 3.39459, 3.60799, 3.87732, 4.23389, 4.74378, 5.59551, 7.30852, 8.26286, 3.82411, 0.43379, 0.00998881, 4.0268e-05, 1.75436e-08, 2.81406e-12, 8.0092e-17, 4.04467e-22, 3.62422e-28, 5.76209e-35, 1.62547e-42, 8.13595e-51, 7.2255e-60, 1.13856e-69, 3.18322e-80, 1.57907e-91, 1.38982e-103, 2.17038e-116, 6.01353e-130, 2.95623e-144, 2.57847e-159, 3.99022e-175, 1.09557e-191
21.4871
46.23
 
MEASUREMENT 34
1.4716, 4.41481, 7.36319, 10.3064, 13.2548, 16.2031, 19.1774, 22.1309, 25.0793, 28.0277, 30.9502, 33.8934
1.90658, 1.94749, 2.04336, 2.21818, 2.50199, 2.80146, 3.85427, 1.66046, 0.00366042, -0.00231198, -0.00165657, -0.00211159
0.00210827, 0.00200825, 0.00263278, 0.003309, 0.00342342, 0.00337702, 0.00380428, 0.00161768, 0.000411667, 0.000422416, 0.000368404, 0.000397576
0, 0.589331, 1.17866, 1.76799, 2.35732, 2.94665, 3.53598, 4.12532, 4.71465, 5.30398, 5.89331, 6.48264, 7.07197, 7.6613, 8.25063, 8.83996, 9.42929, 10.0186, 10.608, 11.1973, 11.7866, 12.3759, 12.9653, 13.5546, 14.1439, 14.7333, 15.3226, 15.9119, 16.5013, 17.0906, 17.6799, 18.2693, 18.8586, 19.4479, 20.0372, 20.6266, 21.2159, 21.8052, 22.3946, 22.9839, 23.5732, 24.1626, 24.7519, 25.3412, 25.9306, 26.5199, 27.1092, 27.6985, 28.2879, 28.8772, 29.4665, 30.0559, 30.6452, 31.2345, 31.8239, 32.4132, 33.0025, 33.5919, 34.1812, 34.7705
1.81508, 1.83126, 1.84809, 1.86561, 1.88387, 1.90292, 1.92283, 1.94365, 1.96546, 1.98835, 2.0124, 2.03771, 2.06441, 2.09262, 2.12249, 2.15421, 2.18796, 2.22398, 2.26254, 2.30397, 2.34864, 2.39703, 2.44969, 2.50731, 2.57078, 2.64118, 2.71996, 2.80902, 2.91096, 3.02948, 3.17001, 3.3411, 3.55728, 3.84662, 4.27382, 4.86041, 4.35721, 1.65256, 0.165704, 0.00358067, 1.35291e-05, 3.80855e-09, 6.75973e-13, 2.1744e-17, 1.26763e-22, 1.33932e-28, 2.56457e-35, 8.89991e-43, 5.59751e-51, 6.38031e-60, 1.31803e-69, 4.93453e-80, 3.34812e-91, 4.11709e-103, 9.17515e-116, 3.70568e-129, 2.7124e-143, 3.59808e-158, 8.65001e-174, 3.76869e-190
1.81508, 1.8342, 1.85415, 1.87498, 1.89677, 1.91958, 1.9435, 1.96863, 1.99506, 2.0229, 2.0523, 2.08339, 2.11634, 2.15135, 2.18863, 2.22845, 2.27111, 2.31694, 2.36638, 2.41992, 2.47816, 2.54183, 2.61184, 2.68933, 2.77574, 2.87294, 2.98343, 3.11059, 3.25917, 3.43615, 3.65219, 3.92487, 4.28593, 4.80248, 5.66634, 7.39655, 8.33885, 3.88364, 0.451451, 0.0108739, 4.74387e-05, 2.21281e-08, 3.95625e-12, 1.28194e-16, 7.52823e-22, 8.01233e-28, 1.54548e-34, 5.40264e-42, 3.42281e-50, 3.93001e-59, 8.17777e-69, 3.08395e-79, 2.10769e-90, 2.61055e-102, 5.85977e-115, 2.3837e-128, 1.75729e-142, 2.34776e-157, 5.68432e-173, 2.49413e-189
21.4876
46.23
 
MEASUREMENT 35
1.4716, 4.41481, 7.36319, 10.3064, 13.2548, 16.2031, 19.1774, 22.1309, 25.0793, 28.0277, 30.9502, 33.8934
1.91019, 1.95032, 2.04652, 2.2191, 2.50658, 2.80597, 3.86053, 1.6636, 0.00372147, -0.00241661, -0.00158118, -0.000530872
0.00210827, 0.00200825, 0.00263278, 0.003309, 0.00342342, 0.00337702, 0.00380428, 0.00161768, 0.000411667, 0.000422416, 0.000368404, 0.000397576
0, 0.589331, 1.17866, 1.76799, 2.35732, 2.94665, 3.53598, 4.12532, 4.71465, 5.30398, 5.89331, 6.48264, 7.07197, 7.6613, 8.25063, 8.83996, 9.42929, 10.0186, 10.608, 11.1973, 11.7866, 12.3759, 12.9653, 13.5546, 14.1439, 14.7333, 15.3226, 15.9119, 16.5013, 17.0906, 17.6799, 18.2693, 18.8586, 19.4479, 20.0372, 20.6266, 21.2159, 21.8052, 22.3946, 22.9839, 23.5732, 24.1626, 24.7519, 25.3412, 25.9306, 26.5199, 27.1092, 27.6985, 28.2879, 28.8772, 29.4665, 30.0559, 30.6452, 31.2345, 31.8239, 32.4132, 33.0025, 33.5919, 34.1812, 34.7705
1.8179, 1.8341, 1.85096, 1.8685, 1.88679, 1.90588, 1.92581, 1.94667, 1.96852, 1.99144, 2.01552, 2.04088, 2.06762, 2.09587, 2.12579, 2.15756, 2.19136, 2.22743, 2.26606, 2.30755, 2.35229, 2.40076, 2.4535, 2.51121, 2.57477, 2.64528, 2.72418, 2.81337, 2.91546, 3.03414, 3.17486, 3.34616, 3.56255, 3.85205, 4.27934, 4.87297, 4.38117, 1.64538, 0.159221, 0.00322203, 1.06748e-05, 2.77353e-09, 4.19436e-13, 1.1137e-17, 5.19206e-23, 4.24989e-29, 6.10779e-36, 1.54119e-43, 6.828e-52, 5.31124e-61, 7.25374e-71, 1.73937e-81, 7.3229e-93, 5.41297e-105, 7.02504e-118, 1.60074e-131, 6.40399e-146, 4.49818e-161, 5.54727e-177, 1.20109e-193
1.8179, 1.83704, 1.85702, 1.87788, 1.8997, 1.92255, 1.94651, 1.97168, 1.99815, 2.02603, 2.05547, 2.08661, 2.11961, 2.15467, 2.19202, 2.23189, 2.27461, 2.32052, 2.37003, 2.42365, 2.48197, 2.54574, 2.61585, 2.69345, 2.77998, 2.87732, 2.98796, 3.11529, 3.26406, 3.44125, 3.65753, 3.93046, 4.29174, 4.80819, 5.6701, 7.40718, 8.39182, 3.87831, 0.435556, 0.0098303, 3.81934e-05, 1.6121e-08, 2.45615e-12, 6.57036e-17, 3.08598e-22, 2.54487e-28, 3.6847e-35, 9.36707e-43, 4.18087e-51, 3.27635e-60, 4.50787e-70, 1.08895e-80, 4.6185e-92, 3.4391e-104, 4.49613e-117, 1.032e-130, 4.15881e-145, 2.9424e-160, 3.65491e-176, 7.9706e-193
21.4876
46.23
 
MEASUREMENT 36
1.4716, 4.41481, 7.36319, 10.3064, 13.2548, 16.2031, 19.1774, 22.1309, 25.0793, 28.0277, 30.9502, 33.8934
1.93274, 1.97496, 2.07177, 2.25141, 2.53651, 2.84009, 3.90735, 1.68359, 0.00355179, -0.00196829, -0.00150596, -0.00205515
0.00210827, 0.00200825, 0.00263278, 0.003309, 0.00342342, 0.00337702, 0.00380428, 0.00161768, 0.000411667, 0.000422416, 0.000368404, 0.000397576
0, 0.589331, 1.17866, 1.76799, 2.35732, 2.94665, 3.53598, 4.12532, 4.71465, 5.30398, 5.89331, 6.48264, 7.07197, 7.6613, 8.25063, 8.83996, 9.42929, 10.0186, 10.608, 11.1973, 11.7866, 12.3759, 12.9653, 13.5546, 14.1439, 14.7333, 15.3226, 15.9119, 16.5013, 17.0906, 17.6799, 18.2693, 18.8586, 19.4479, 20.0372, 20.6266, 21.2159, 21.8052, 22.3946, 22.9839, 23.5732, 24.1626, 24.7519, 25.3412, 25.9306, 26.5199, 27.1092, 27.6985, 28.2879, 28.8772, 29.4665, 30.0559, 30.6452, 31.2345, 31.8239, 32.4132, 33.0025, 33.5919, 34.1812, 34.7705
1.84069, 1.85709, 1.87415, 1.89192, 1.91043, 1.92974, 1.94992, 1.97103, 1.99314, 2.01635, 2.04072, 2.06639, 2.09345, 2.12205, 2.15233, 2.18447, 2.21869, 2.2552, 2.29429, 2.33628, 2.38156, 2.4306, 2.48398, 2.54238, 2.6067, 2.67805, 2.75789, 2.84814, 2.95144, 3.07151, 3.21389, 3.38719, 3.6061, 3.89895, 4.33112, 4.93056, 4.43147, 1.66664, 0.162024, 0.00330582, 1.11385e-05, 2.91975e-09, 4.50217e-13, 1.22345e-17, 5.85918e-23, 4.9451e-29, 7.35527e-36, 1.928e-43, 8.90639e-52, 7.25069e-61, 1.04025e-70, 2.63016e-81, 1.17194e-92, 9.20258e-105, 1.27348e-117, 3.10566e-131, 1.33472e-145, 1.01089e-160, 1.34925e-176, 3.17363e-193
1.84069, 1.86008, 1.8803, 1.90143, 1.92352, 1.94666, 1.97092, 1.9964, 2.0232, 2.05144, 2.08124, 2.11277, 2.14619, 2.18169, 2.2195, 2.25988, 2.30313, 2.34961, 2.39974, 2.45403, 2.51308, 2.57765, 2.64864, 2.72721, 2.81482, 2.91338, 3.0254, 3.15433, 3.30497, 3.48437, 3.70336, 3.97971, 4.34552, 4.86847, 5.74137, 7.49941, 8.49295, 3.93032, 0.443432, 0.0100908, 3.97881e-05, 1.69936e-08, 2.63989e-12, 7.22729e-17, 3.48701e-22, 2.96496e-28, 4.44292e-35, 1.17328e-42, 5.46027e-51, 4.47823e-60, 6.47256e-70, 1.64862e-80, 7.40012e-92, 5.85367e-104, 8.15994e-117, 2.00453e-130, 8.67768e-145, 6.62e-160, 8.89966e-176, 2.10838e-192
21.4878
46.23
 
MEASUREMENT 37
1.4716, 4.41481, 7.36319, 10.3064, 13.2548, 16.2031, 19.1774, 22.1309, 25.0793, 28.0277, 30.9502, 33.8934
1.89205, 1.93209, 2.02762, 2.20118, 2.48312, 2.78036, 3.82575, 1.64812, 0.00355004, -0.00255673, -0.00154824, -0.00181217
0.00210827, 0.00200825, 0.00263278, 0.003309, 0.00342342, 0.00337702, 0.00380428, 0.00161768, 0.000411667, 0.000422416, 0.000368404, 0.000397576
0, 0.589331, 1.17866, 1.76799, 2.35732, 2.94665, 3.53598, 4.12532, 4.71465, 5.30398, 5.89331, 6.48264, 7.07197, 7.6613, 8.25063, 8.83996, 9.42929, 10.0186, 10.608, 11.1973, 11.7866, 12.3759, 12.9653, 13.5546, 14.1439, 14.7333, 15.3226, 15.9119, 16.5013, 17.0906, 17.6799, 18.2693, 18.8586, 19.4479, 20.0372, 20.6266, 21.2159, 21.8052, 22.3946, 22.9839, 23.5732, 24.1626, 24.7519, 25.3412, 25.9306, 26.5199, 27.1092, 27.6985, 28.2879, 28.8772, 29.4665, 30.0559, 30.6452, 31.2345, 31.8239, 32.4132, 33.0025, 33.5919, 34.1812, 34.7705
1.80118, 1.81724, 1.83394, 1.85133, 1.86945, 1.88836, 1.90812, 1.92879, 1.95044, 1.97315, 1.99702, 2.02215, 2.04864, 2.07664, 2.1063, 2.13777,