UCL QuARC  
HEADERLINES: 13
Facility: Clatterbridge
Room: Research Room
Date: 2023-05-18
Time: 16:00:24
Energy: 60
Intensity: 
Folder: 20230518
Original data file: Run020.txt
Data type: Fitted
Fit rate: 25Hz
 
MEASUREMENT 1: SOBP AVERAGE
1.4716, 4.41481, 7.36319, 10.3064, 13.2548, 16.2031, 19.1774, 22.1309, 25.0793, 28.0277, 30.9502, 33.8934
2.24923, 2.30648, 2.4575, 2.63068, 2.89266, 2.99949, 3.03566, 2.97544, 2.76418, 2.5764, 0.671817, 0.00186822
0.00195257, 0.00199473, 0.00204306, 0.00208908, 0.00201332, 0.00205973, 0.00346123, 0.00524397, 0.00675338, 0.0087584, 0.00318081, 0.000373802
0, 0.589331, 1.17866, 1.76799, 2.35732, 2.94665, 3.53598, 4.12532, 4.71465, 5.30398, 5.89331, 6.48264, 7.07197, 7.6613, 8.25063, 8.83996, 9.42929, 10.0186, 10.608, 11.1973, 11.7866, 12.3759, 12.9653, 13.5546, 14.1439, 14.7333, 15.3226, 15.9119, 16.5013, 17.0906, 17.6799, 18.2693, 18.8586, 19.4479, 20.0372, 20.6266, 21.2159, 21.8052, 22.3946, 22.9839, 23.5732, 24.1626, 24.7519, 25.3412, 25.9306, 26.5199, 27.1092, 27.6985, 28.2879, 28.8772, 29.4665, 30.0559, 30.6452, 31.2345, 31.8239, 32.4132, 33.0025, 33.5919, 34.1812, 34.7705
2.16915, 2.18654, 2.20459, 2.22335, 2.24288, 2.26323, 2.28446, 2.30664, 2.32986, 2.35421, 2.37979, 2.40672, 2.43514, 2.46523, 2.49717, 2.53121, 2.56764, 2.60684, 2.6493, 2.69569, 2.74693, 2.80451, 2.87106, 2.95151, 3.03111, 3.0765, 3.07874, 3.06741, 3.05324, 3.0364, 3.02144, 3.00735, 2.9895, 2.97003, 2.95302, 2.93493, 2.91204, 2.88883, 2.86764, 2.84257, 2.81201, 2.78198, 2.7517, 2.71337, 2.668, 2.62141, 2.56736, 2.49445, 2.40183, 2.28148, 2.07264, 1.62759, 0.74016, 0.0643284, 0.000599952, 2.11921e-07, 1.83538e-11, 1.27661e-16, 7.13115e-23, 3.19908e-30
2.16915, 2.18916, 2.21, 2.23171, 2.25439, 2.27809, 2.3029, 2.32892, 2.35627, 2.38506, 2.41545, 2.4476, 2.48171, 2.51803, 2.55686, 2.59853, 2.64353, 2.69242, 2.74599, 2.80536, 2.87216, 2.94913, 3.04175, 3.16548, 3.31635, 3.42, 3.45467, 3.45688, 3.45071, 3.44178, 3.44077, 3.44045, 3.43155, 3.42417, 3.42537, 3.42256, 3.41159, 3.40696, 3.40923, 3.40267, 3.39073, 3.38955, 3.3911, 3.37961, 3.3677, 3.36968, 3.36748, 3.34785, 3.33223, 3.32595, 3.2533, 2.86637, 1.60974, 0.1681, 0.00178174, 9.90342e-07, 8.7037e-11, 6.14321e-16, 3.48211e-22, 1.58499e-29
30.5365
57.60
 
