UCL QuARC  
HEADERLINES: 13
Facility: Clatterbridge
Room: Research Room
Date: 2023-05-18
Time: 16:35:10
Energy: 60
Intensity: 
Folder: 20230518
Original data file: Run024.txt
Data type: Fitted
Fit rate: 1Hz
 
MEASUREMENT 1: SOBP AVERAGE
1.4716, 4.41481, 7.36319, 10.3064, 13.2548, 16.2031, 19.1774, 22.1309, 25.0793, 28.0277, 30.9502, 33.8934
1.28619, 1.0822, 0.120823, -0.000144738, -0.00160169, -0.00132879, -0.00180518, -0.00169948, -0.00253751, -0.00333303, -0.00195702, -0.00220332
0.00190526, 0.00306356, 0.000595518, 0.000323598, 0.000320336, 0.000278407, 0.000276326, 0.000339161, 0.000388138, 0.000400798, 0.000342987, 0.000373922
0, 0.589331, 1.17866, 1.76799, 2.35732, 2.94665, 3.53598, 4.12532, 4.71465, 5.30398, 5.89331, 6.48264, 7.07197, 7.6613, 8.25063, 8.83996, 9.42929, 10.0186, 10.608, 11.1973, 11.7866, 12.3759, 12.9653, 13.5546, 14.1439, 14.7333, 15.3226, 15.9119, 16.5013, 17.0906, 17.6799, 18.2693, 18.8586, 19.4479, 20.0372, 20.6266, 21.2159, 21.8052, 22.3946, 22.9839, 23.5732, 24.1626, 24.7519, 25.3412, 25.9306, 26.5199, 27.1092, 27.6985, 28.2879, 28.8772, 29.4665, 30.0559, 30.6452, 31.2345, 31.8239, 32.4132, 33.0025, 33.5919, 34.1812, 34.7705
1.33886, 1.33004, 1.31448, 1.29175, 1.26164, 1.22417, 1.17951, 1.12808, 1.07049, 1.00754, 0.940222, 0.86966, 0.797135, 0.72424, 0.651686, 0.580625, 0.512103, 0.447028, 0.386139, 0.329995, 0.278968, 0.233247, 0.192856, 0.157669, 0.127438, 0.101823, 0.0804156, 0.0627675, 0.0484162, 0.0369036, 0.0277929, 0.0206802, 0.0152018, 0.011039, 0.00791824, 0.00561003, 0.00392568, 0.00271301, 0.00185162, 0.00124792, 0.000830485, 0.000545694, 0.000353994, 0.000226676, 0.000143244, 8.92953e-05, 5.48684e-05, 3.31941e-05, 1.97406e-05, 1.15028e-05, 6.52778e-06, 3.56582e-06, 1.82939e-06, 8.30379e-07, 2.73338e-07, 7.09962e-09, 3.91051e-09, 2.12531e-09, 1.13973e-09, 6.03072e-10
1.33886, 1.34163, 1.33758, 1.32608, 1.30664, 1.27901, 1.24315, 1.19926, 1.1478, 1.08948, 1.02523, 0.956147, 0.88349, 0.808591, 0.732813, 0.657492, 0.58388, 0.513103, 0.446119, 0.383695, 0.326392, 0.274565, 0.228373, 0.187794, 0.152652, 0.122648, 0.0973894, 0.0764207, 0.0592545, 0.0453947, 0.0343582, 0.02569, 0.0189747, 0.0138433, 0.00997528, 0.00709924, 0.00498968, 0.00346325, 0.00237368, 0.00160648, 0.00107351, 0.000708263, 0.000461316, 0.000296599, 0.000188203, 0.000117824, 7.27297e-05, 4.422e-05, 2.64522e-05, 1.55278e-05, 8.90138e-06, 4.93635e-06, 2.59625e-06, 1.23464e-06, 4.54653e-07, 3.46134e-08, 1.90581e-08, 1.0354e-08, 5.55056e-09, 2.93601e-09
7.06595
22.49
 
